0 0.618741512298584 0.2120581865310669 0.0914912223815918 0.1062694787979126
0 0.5088393688201904 0.18093445897102356 0.12068483233451843 0.13198930025100708
0 0.41814881563186646 0.5788288712501526 0.11092936992645264 0.12740910053253174
0 0.4040319323539734 0.16546332836151123 0.08152616024017334 0.0966828390955925
0 0.2919713258743286 0.4485866129398346 0.14030182361602783 0.16777998208999634
0 0.4192919135093689 0.3435688018798828 0.17249071598052979 0.20716406404972076
0 0.21063297986984253 0.572170615196228 0.13024097681045532 0.15059849619865417
0 0.5317263603210449 0.4856613278388977 0.1400907039642334 0.15833771228790283
0 0.4607049524784088 0.7648670673370361 0.09713929891586304 0.12969958782196045
0 0.6421756148338318 0.5727377533912659 0.09132933616638184 0.10618400573730469
0 0.29710978269577026 0.6880720853805542 0.0917549729347229 0.10346031188964844
