0 0.2078818827867508 0.49206429719924927 0.03821694850921631 0.05017268657684326
0 0.1214878112077713 0.5082425475120544 0.0389021635055542 0.03878772258758545
0 0.8271269798278809 0.8069525957107544 0.05866193771362305 0.08764386177062988
0 0.5503249168395996 0.6627978682518005 0.04070329666137695 0.053169846534729004
0 0.0887136235833168 0.2332073152065277 0.04547645151615143 0.03763306140899658
0 0.624370813369751 0.6975253224372864 0.0351109504699707 0.04089498519897461
0 0.8808395862579346 0.5144516825675964 0.07084465026855469 0.0533064603805542
0 0.2634648382663727 0.08829975873231888 0.05893385410308838 0.10095079243183136
0 0.057739920914173126 0.35949021577835083 0.08602927625179291 0.0717172622680664
0 0.6155174970626831 0.04989178478717804 0.07895541191101074 0.08954024314880371
0 0.6401332020759583 0.21776607632637024 0.043259382247924805 0.09049785137176514
0 0.5247052907943726 0.331590473651886 0.037981271743774414 0.050389647483825684
0 0.5880118012428284 0.3932156562805176 0.0397566556930542 0.04653620719909668
0 0.7626863718032837 0.5157848596572876 0.046783447265625 0.05451476573944092
0 0.3263940215110779 0.2534852623939514 0.04010939598083496 0.04899197816848755
0 0.2256433069705963 0.7674430012702942 0.040623247623443604 0.049396395683288574
0 0.27644073963165283 0.4253491163253784 0.043900370597839355 0.05310976505279541
0 0.6012217998504639 0.04772716015577316 0.09039270877838135 0.09021401405334473
