0 0.650010347366333 0.8805185556411743 0.07787251472473145 0.11568570137023926
0 0.7007829546928406 0.638708233833313 0.06884884834289551 0.11549162864685059
0 0.45929744839668274 0.207909494638443 0.07666188478469849 0.1145516037940979
0 0.6158359050750732 0.39612406492233276 0.0800166130065918 0.11115062236785889
0 0.48192158341407776 0.5753393173217773 0.07428199052810669 0.10965275764465332
0 0.5576648712158203 0.4649815559387207 0.07363152503967285 0.10061895847320557
0 0.8710750341415405 0.31178510189056396 0.07989239692687988 0.12176346778869629
0 0.42342790961265564 0.6738952994346619 0.06610107421875 0.09733402729034424
0 0.31392478942871094 0.14602619409561157 0.06524789333343506 0.107137531042099
0 0.9501938223838806 0.2639075815677643 0.07873809337615967 0.11875683069229126
0 0.46696722507476807 0.08766379207372665 0.07648861408233643 0.1102641373872757
0 0.39538174867630005 0.4332616925239563 0.07061493396759033 0.10030961036682129
0 0.727243959903717 0.4094899594783783 0.08454883098602295 0.11513853073120117
0 0.07428812980651855 0.1200452446937561 0.06903859972953796 0.10464921593666077
0 0.12610331177711487 0.19100230932235718 0.07454781979322433 0.11782020330429077
0 0.5865787267684937 0.27611374855041504 0.07174539566040039 0.10427588224411011
0 0.8115392923355103 0.6389504671096802 0.13722991943359375 0.09976077079772949
0 0.6731679439544678 0.3070460557937622 0.08107423782348633 0.11715446412563324
0 0.6236413717269897 0.17340794205665588 0.07857644557952881 0.11396798491477966
0 0.7617038488388062 0.5219682455062866 0.06548500061035156 0.10724687576293945
0 0.360498309135437 0.7110843062400818 0.0722205638885498 0.10530412197113037
0 0.06211960315704346 0.7150583267211914 0.06927266716957092 0.10772013664245605
0 0.8122655153274536 0.2232038676738739 0.07598710060119629 0.10778939723968506
0 0.3909623622894287 0.8527689576148987 0.07141721248626709 0.11117851734161377
0 0.5331584215164185 0.3672967255115509 0.07934176921844482 0.11974984407424927
0 0.19357144832611084 0.5657691955566406 0.10492390394210815 0.11339902877807617
0 0.8404296636581421 0.6407313942909241 0.07999134063720703 0.09740471839904785
0 0.12586957216262817 0.6498041152954102 0.060855984687805176 0.10277557373046875
0 0.31955695152282715 0.4110274314880371 0.07838213443756104 0.1264580488204956
0 0.1712212860584259 0.7402220368385315 0.07460981607437134 0.1092531681060791
0 0.9395079612731934 0.49999332427978516 0.06837105751037598 0.10969209671020508
0 0.8700573444366455 0.5474950671195984 0.07384204864501953 0.10356307029724121
0 0.32330793142318726 0.046748414635658264 0.07726132869720459 0.09349682927131653
0 0.17733660340309143 0.5663249492645264 0.07770735025405884 0.11301016807556152
0 0.23345041275024414 0.823176383972168 0.0740935206413269 0.11409926414489746
0 0.4197436273097992 0.5748345851898193 0.12427413463592529 0.11308073997497559
