1 0.9223055839538574 0.8234524726867676 0.10265159606933594 0.07795321941375732
1 0.3254384994506836 0.49855494499206543 0.10584104061126709 0.08353054523468018
1 0.21717193722724915 0.523183286190033 0.11014378070831299 0.08670568466186523
1 0.7091840505599976 0.7890292406082153 0.09528017044067383 0.0734483003616333
1 0.3200865387916565 0.9070875644683838 0.12184381484985352 0.07506513595581055
1 0.27841952443122864 0.9083825349807739 0.20528322458267212 0.07624697685241699
1 0.6062036752700806 0.8079312443733215 0.11361527442932129 0.08384108543395996
1 0.8699275851249695 0.8254570960998535 0.20883560180664062 0.07924365997314453
1 0.43595170974731445 0.26955100893974304 0.07492673397064209 0.08617168664932251
1 0.8732357621192932 0.4030529260635376 0.10899770259857178 0.09197866916656494
1 0.8199999332427979 0.8283107876777649 0.10996079444885254 0.08131241798400879
1 0.9256899356842041 0.28381240367889404 0.0699988603591919 0.1603592038154602
1 0.3073222041130066 0.6021630764007568 0.08519613742828369 0.08160066604614258
1 0.9361312985420227 0.19150158762931824 0.07308626174926758 0.12774455547332764
1 0.666906476020813 0.7957468032836914 0.1824324131011963 0.080008864402771
1 0.08948805183172226 0.7646347284317017 0.08505018055438995 0.1013185977935791
1 0.14526423811912537 0.6283565163612366 0.0841979905962944 0.07228982448577881
1 0.24396023154258728 0.7081641554832458 0.08675211668014526 0.11194741725921631
1 0.5728052258491516 0.04205592721700668 0.10809290409088135 0.08411185443401337
1 0.927593469619751 0.25192585587501526 0.07131218910217285 0.2334553599357605
1 0.3822098970413208 0.1868094801902771 0.08780288696289062 0.10208100080490112
1 0.511257529258728 0.4062885046005249 0.09503471851348877 0.07836222648620605
1 0.419072687625885 0.05187997967004776 0.07775908708572388 0.0915503203868866
1 0.7238813638687134 0.2053123563528061 0.0760812759399414 0.09226468205451965
1 0.42670896649360657 0.6074827909469604 0.06259113550186157 0.25764918327331543
1 0.4059194028377533 0.8303455114364624 0.09140026569366455 0.09041142463684082
1 0.2381695806980133 0.36985886096954346 0.0838499665260315 0.09728825092315674
1 0.4312380254268646 0.6677727699279785 0.06552749872207642 0.11148571968078613
1 0.42769157886505127 0.5305072069168091 0.06124293804168701 0.10397577285766602
1 0.42995935678482056 0.6486086249351501 0.06342601776123047 0.1602553129196167
1 0.7425935864448547 0.36102166771888733 0.10290217399597168 0.07525080442428589
1 0.49953773617744446 0.11355896294116974 0.09674674272537231 0.10497447848320007
1 0.4176056981086731 0.07047857344150543 0.07863438129425049 0.12528756260871887
1 0.3341735005378723 0.9045480489730835 0.08978807926177979 0.07795894145965576
1 0.05093191936612129 0.9207074642181396 0.09867724031209946 0.09403824806213379
1 0.2761698365211487 0.2865939140319824 0.0931529849767685 0.13592708110809326
1 0.17434266209602356 0.8265799283981323 0.09424382448196411 0.0949399471282959
1 0.9251983761787415 0.31519103050231934 0.06981074810028076 0.10161840915679932
1 0.5009374618530273 0.7740519046783447 0.08846747875213623 0.09845137596130371
1 0.42959216237068176 0.27710288763046265 0.09342747926712036 0.09595316648483276
1 0.22769570350646973 0.9101738929748535 0.10487616062164307 0.06983458995819092
1 0.7559380531311035 0.3665461242198944 0.12888407707214355 0.08314180374145508
1 0.8473035097122192 0.39464521408081055 0.16554677486419678 0.09032809734344482
1 0.716585099697113 0.19020099937915802 0.0827871561050415 0.12519094347953796
1 0.30707645416259766 0.620984673500061 0.08779036998748779 0.12169599533081055
1 0.39412370324134827 0.16613468527793884 0.09019315242767334 0.14473676681518555
