1 0.7928845882415771 0.6179028749465942 0.08547818660736084 0.08582472801208496
1 0.3603439927101135 0.8631179928779602 0.06714212894439697 0.11294841766357422
1 0.17649194598197937 0.379753977060318 0.06098121404647827 0.10034632682800293
1 0.5060603022575378 0.35295695066452026 0.06485414505004883 0.09383130073547363
1 0.777563214302063 0.6230216026306152 0.11351704597473145 0.09108829498291016
1 0.5466395616531372 0.41904813051223755 0.06657648086547852 0.10486447811126709
1 0.5733554363250732 0.16608308255672455 0.07567358016967773 0.11118599772453308
1 0.30500543117523193 0.3706469237804413 0.061258554458618164 0.08332133293151855
1 0.8993914127349854 0.2831617593765259 0.11354494094848633 0.18440860509872437
1 0.8749066591262817 0.8582181930541992 0.09995365142822266 0.061928391456604004
1 0.398561030626297 0.6275572180747986 0.06695437431335449 0.11148989200592041
1 0.8991750478744507 0.24101686477661133 0.10475778579711914 0.09937089681625366
1 0.7225872874259949 0.6260285377502441 0.06480252742767334 0.10156452655792236
1 0.3497880697250366 0.6925373077392578 0.05796170234680176 0.0871809720993042
1 0.19122949242591858 0.20664572715759277 0.07755911350250244 0.14082008600234985
1 0.3176904320716858 0.5712383985519409 0.09579598903656006 0.10885214805603027
1 0.7074947357177734 0.5151525735855103 0.1005859375 0.08070829510688782
1 0.942031979560852 0.32340672612190247 0.035598039627075195 0.1521802544593811
1 0.5388545989990234 0.6141327619552612 0.06403255462646484 0.11907696723937988
1 0.5698689222335815 0.5225979685783386 0.05321156978607178 0.13496434688568115
1 0.3817474842071533 0.4376051425933838 0.10951030254364014 0.08153796195983887
1 0.7023916244506836 0.26685595512390137 0.14207077026367188 0.08542229235172272
1 0.2020779550075531 0.22489872574806213 0.10778802633285522 0.18081122636795044
1 0.7533674836158752 0.38837137818336487 0.09128236770629883 0.0738036036491394
1 0.644659698009491 0.1382584273815155 0.06746280193328857 0.1078023836016655
1 0.27683985233306885 0.20996984839439392 0.04716956615447998 0.09734362363815308
1 0.1920630782842636 0.37966302037239075 0.09948280453681946 0.09905725717544556
1 0.9301114082336426 0.6134337186813354 0.06111252307891846 0.12006497383117676
1 0.9053606986999512 0.3051435351371765 0.1047048568725586 0.14155329763889313
1 0.27803224325180054 0.23405596613883972 0.03938019275665283 0.15327423810958862
1 0.49095338582992554 0.291751503944397 0.09542405605316162 0.07591080665588379
1 0.6071819067001343 0.16296832263469696 0.14396882057189941 0.11288782954216003
1 0.4452865719795227 0.027170129120349884 0.13425087928771973 0.05434025824069977
