1 0.10911677777767181 0.7706866264343262 0.19314652681350708 0.15449309349060059
1 0.17468026280403137 0.5193426012992859 0.083973228931427 0.1160120964050293
1 0.5238425135612488 0.1103602796792984 0.2606372833251953 0.2207205593585968
1 0.3459615111351013 0.20803862810134888 0.09378767013549805 0.08980250358581543
1 0.6226732134819031 0.14773491024971008 0.08048713207244873 0.10299009084701538
1 0.29683148860931396 0.8176129460334778 0.13767112791538239 0.06700348854064941
1 0.24733075499534607 0.3847111463546753 0.12837433815002441 0.1136513352394104
1 0.6085436344146729 0.3436530530452728 0.07684659957885742 0.07815510034561157
1 0.8200864195823669 0.7531461715698242 0.27030515670776367 0.38461756706237793
1 0.6064286231994629 0.038977235555648804 0.08108043670654297 0.07795447111129761
1 0.2458069622516632 0.4088301658630371 0.13328689336776733 0.15900444984436035
1 0.3485192656517029 0.18549031019210815 0.09200036525726318 0.13062435388565063
1 0.819892168045044 0.6877134442329407 0.26421332359313965 0.24628841876983643
