0 0.39114344120025635 0.7739044427871704 0.06106138229370117 0.10004580020904541
0 0.9250965118408203 0.3997972309589386 0.06757426261901855 0.1041213870048523
0 0.06821759790182114 0.1842728555202484 0.0603918731212616 0.10601699352264404
0 0.5892187356948853 0.10144256055355072 0.060495615005493164 0.09470513463020325
0 0.9064991474151611 0.6817278265953064 0.06113862991333008 0.09240508079528809
0 0.5659598112106323 0.6485171318054199 0.05944466590881348 0.09309029579162598
0 0.24771179258823395 0.06649123877286911 0.05841991305351257 0.09323316812515259
0 0.23059004545211792 0.6168724298477173 0.06746470928192139 0.10988378524780273
0 0.058803338557481766 0.4663740396499634 0.06138958781957626 0.0965585708618164
0 0.7563037872314453 0.24957142770290375 0.0586397647857666 0.06825605034828186
0 0.9299437999725342 0.13068713247776031 0.056921958923339844 0.10355696082115173
0 0.4133898913860321 0.21962600946426392 0.05742692947387695 0.09625756740570068
0 0.5838533043861389 0.3723466992378235 0.0658954381942749 0.09565335512161255
0 0.04891273006796837 0.7460039258003235 0.06284333020448685 0.11445963382720947
0 0.2375769466161728 0.3411996364593506 0.05925843119621277 0.0983659029006958
