0 0.15912389755249023 0.477215051651001 0.07997706532478333 0.08278763294219971
0 0.8516499400138855 0.597278356552124 0.07243311405181885 0.07639610767364502
0 0.5725331902503967 0.6051708459854126 0.07726693153381348 0.08154678344726562
0 0.9403060674667358 0.46088624000549316 0.07656240463256836 0.08108758926391602
0 0.8555457592010498 0.8819788694381714 0.07062721252441406 0.07647156715393066
0 0.6304863691329956 0.7336584329605103 0.07891285419464111 0.07878553867340088
0 0.1858191043138504 0.8431379795074463 0.0756118893623352 0.07598042488098145
0 0.6134742498397827 0.9258946180343628 0.07798898220062256 0.08339858055114746
0 0.47666168212890625 0.5673298239707947 0.06843006610870361 0.06836283206939697
0 0.3649916648864746 0.12325824052095413 0.08152508735656738 0.07806666195392609
0 0.19907444715499878 0.650016188621521 0.07603013515472412 0.0802602767944336
0 0.3977527320384979 0.9373831748962402 0.0659443736076355 0.0725095272064209
0 0.2513618469238281 0.13370873034000397 0.07208842039108276 0.07662305235862732
0 0.47664302587509155 0.710048496723175 0.07402384281158447 0.07628762722015381
0 0.3051181435585022 0.40718626976013184 0.08046519756317139 0.07598483562469482
0 0.3975459933280945 0.3183797597885132 0.06615936756134033 0.0721735954284668
0 0.4542832672595978 0.1863010823726654 0.06960004568099976 0.07489240169525146
0 0.962104082107544 0.8095176219940186 0.07513976097106934 0.0783236026763916
0 0.44521385431289673 0.8701329231262207 0.06676852703094482 0.07718968391418457
0 0.7743791937828064 0.8064706325531006 0.07474839687347412 0.07763552665710449
0 0.8177008628845215 0.3496239185333252 0.07028675079345703 0.0722576379776001
0 0.6191715002059937 0.39447635412216187 0.07187438011169434 0.07972729206085205
0 0.6617085933685303 0.6656085252761841 0.06819164752960205 0.07589030265808105
0 0.683122992515564 0.26393574476242065 0.07484006881713867 0.07361829280853271
0 0.8657276630401611 0.034487079828977585 0.0686953067779541 0.06897415965795517
0 0.2847623825073242 0.827263593673706 0.06265068054199219 0.07027482986450195
0 0.9022711515426636 0.11959539353847504 0.07480096817016602 0.0810808539390564
0 0.26816442608833313 0.6011486053466797 0.06151801347732544 0.06253671646118164
0 0.7616726160049438 0.045118119567632675 0.06762886047363281 0.07547283917665482
0 0.1621069610118866 0.23539665341377258 0.0672839879989624 0.07018625736236572
0 0.5568881630897522 0.19815069437026978 0.07724940776824951 0.06804627180099487
0 0.7683525085449219 0.35879093408584595 0.08623266220092773 0.07293140888214111
0 0.42804771661758423 0.4647265076637268 0.0734184980392456 0.0742577314376831
0 0.5283467769622803 0.8120786547660828 0.0713798999786377 0.07329654693603516
0 0.5442959070205688 0.10430901497602463 0.07100355625152588 0.0780273824930191
0 0.7571699619293213 0.36219680309295654 0.06506609916687012 0.07354021072387695
0 0.925808846950531 0.6474913358688354 0.06935620307922363 0.06464838981628418
0 0.32992756366729736 0.26114603877067566 0.06816160678863525 0.06970494985580444
0 0.3636454939842224 0.7732280492782593 0.06620752811431885 0.06605303287506104
0 0.15698711574077606 0.16844522953033447 0.06572604179382324 0.07069122791290283
0 0.06702622771263123 0.30444520711898804 0.05825937166810036 0.0585748553276062
0 0.9608495235443115 0.9657235741615295 0.06608176231384277 0.06855285167694092
0 0.025743521749973297 0.7405062317848206 0.051487043499946594 0.07694387435913086
0 0.2975783348083496 0.022279562428593636 0.08586490154266357 0.04455912485718727
0 0.1103798970580101 0.3702717423439026 0.06308425962924957 0.07289612293243408
0 0.9410653114318848 0.9628269076347351 0.11659383773803711 0.06851410865783691
0 0.7285650968551636 0.9637285470962524 0.06966900825500488 0.0658869743347168
0 0.5778383612632751 0.340054452419281 0.06842732429504395 0.07101893424987793
0 0.26558786630630493 0.9583316445350647 0.06826449930667877 0.06453180313110352
0 0.6454267501831055 0.7071593999862671 0.07474303245544434 0.1305251121520996
0 0.9778748154640198 0.35354429483413696 0.04425036907196045 0.07905280590057373
0 0.027004621922969818 0.16778436303138733 0.054009243845939636 0.07152366638183594
0 0.6782732009887695 0.11518518626689911 0.06140923500061035 0.06580063700675964
0 0.9786038398742676 0.14956995844841003 0.042792320251464844 0.07952219992876053
0 0.8837077021598816 0.9578536152839661 0.06372833251953125 0.06810426712036133
0 0.9049813747406006 0.9589516520500183 0.11252725124359131 0.06560993194580078
0 0.40330761671066284 0.9201971888542175 0.06876266002655029 0.11709558963775635
0 0.8720015287399292 0.4911167621612549 0.05717325210571289 0.061670780181884766
0 0.15588167309761047 0.20057453215122223 0.06815087050199509 0.13457342982292175
0 0.6034496426582336 0.3683500289916992 0.10338890552520752 0.12656140327453613
0 0.02973116748034954 0.6423996686935425 0.0532519705593586 0.0627284049987793
