0 0.9493131041526794 0.6870547533035278 0.1011965274810791 0.16035723686218262
0 0.3799836039543152 0.5340332984924316 0.15759575366973877 0.21596530079841614
0 0.06883879005908966 0.7696506977081299 0.13713446259498596 0.2105567455291748
0 0.16983214020729065 0.4344480037689209 0.14557772874832153 0.2516796588897705
0 0.5248570442199707 0.5050023794174194 0.14687347412109375 0.20129349827766418
0 0.9575883150100708 0.2512442469596863 0.08414363861083984 0.15805889666080475
0 0.2575533390045166 0.5998635292053223 0.1608557105064392 0.20882415771484375
0 0.3437533974647522 0.8088570833206177 0.14903593063354492 0.15786504745483398
0 0.6117490530014038 0.9234524965286255 0.15329551696777344 0.15206193923950195
0 0.8453534245491028 0.7810978889465332 0.15533983707427979 0.20239603519439697
0 0.40523016452789307 0.27515554428100586 0.1832888126373291 0.17888985574245453
0 0.2566221356391907 0.2502809166908264 0.16071540117263794 0.21551956236362457
0 0.033699482679367065 0.9260421395301819 0.06654609739780426 0.14693999290466309
0 0.9272199869155884 0.10360352694988251 0.14470720291137695 0.20578789710998535
0 0.14519476890563965 0.1590261459350586 0.1337820291519165 0.13740313053131104
0 0.7295743227005005 0.21849769353866577 0.11368465423583984 0.1024509072303772
0 0.7168930768966675 0.6980379819869995 0.17556214332580566 0.21271872520446777
0 0.7927416563034058 0.641283392906189 0.06310844421386719 0.12235474586486816
0 0.31002476811408997 0.3800833523273468 0.14823979139328003 0.1299380660057068
0 0.16798090934753418 0.3725407123565674 0.1433887481689453 0.12609648704528809
