1 0.24827629327774048 0.8368628621101379 0.07835835218429565 0.10551249980926514
1 0.6453816294670105 0.4015091061592102 0.10081708431243896 0.09552204608917236
1 0.5460535883903503 0.4923648238182068 0.1369948387145996 0.13894128799438477
1 0.9664768576622009 0.38372617959976196 0.06704628467559814 0.20843064785003662
1 0.9523181915283203 0.3980494737625122 0.09536361694335938 0.16474056243896484
1 0.9665018916130066 0.3353230059146881 0.06699621677398682 0.10940486192703247
1 0.9469531178474426 0.5538790822029114 0.10609376430511475 0.057639241218566895
1 0.7938392162322998 0.15721017122268677 0.11151373386383057 0.09736133366823196
1 0.2782735824584961 0.283727765083313 0.0737457126379013 0.12317878007888794
1 0.2528744041919708 0.5338556170463562 0.08556568622589111 0.09704363346099854
1 0.17608574032783508 0.38411232829093933 0.09387081861495972 0.1113702654838562
1 0.7831745147705078 0.023940160870552063 0.32293176651000977 0.04691089689731598
1 0.9681703448295593 0.3533966541290283 0.06365931034088135 0.15218353271484375
1 0.02006569132208824 0.5520898103713989 0.04013138264417648 0.20169588923454285
1 0.042358800768852234 0.685025691986084 0.07382738590240479 0.12302160263061523
1 0.045165155082941055 0.7040613293647766 0.09033031016588211 0.1543370485305786
1 0.35284852981567383 0.8179795742034912 0.10984969139099121 0.09028542041778564
