0 0.1541505604982376 0.20993241667747498 0.19223710894584656 0.17955303192138672
0 0.4322531223297119 0.30642858147621155 0.1040196418762207 0.15428191423416138
0 0.2250700294971466 0.6061699390411377 0.11110144853591919 0.13815951347351074
0 0.5801498293876648 0.928997278213501 0.07768046855926514 0.11208391189575195
0 0.14843162894248962 0.7287821173667908 0.13177132606506348 0.13843047618865967
0 0.777541995048523 0.4465382695198059 0.0891561508178711 0.14919745922088623
0 0.5998082756996155 0.9284677505493164 0.11863946914672852 0.10805702209472656
0 0.4848305583000183 0.46969902515411377 0.06360399723052979 0.09732496738433838
0 0.2854808568954468 0.04773637652397156 0.18314069509506226 0.09509311616420746
0 0.2689055800437927 0.37169700860977173 0.09003101289272308 0.1072843074798584
0 0.4862625002861023 0.9635422229766846 0.162622332572937 0.059158921241760254
0 0.7678359746932983 0.6819620132446289 0.17969727516174316 0.19217026233673096
0 0.8229836225509644 0.44734737277030945 0.18329739570617676 0.14828890562057495
0 0.28181782364845276 0.8772579431533813 0.08883661031723022 0.08480119705200195
0 0.23271289467811584 0.06289844214916229 0.2967877984046936 0.12358617782592773
0 0.6978676319122314 0.8337896466255188 0.10375452041625977 0.08689332008361816
0 0.2398030310869217 0.027667749673128128 0.285951167345047 0.05510133504867554
