0 0.6117116212844849 0.9082181453704834 0.02544379234313965 0.0628589391708374
0 0.745407223701477 0.24114277958869934 0.036110877990722656 0.04954946041107178
0 0.6120455861091614 0.9094139337539673 0.03625965118408203 0.06240558624267578
0 0.6928434371948242 0.8337842226028442 0.03185296058654785 0.05245351791381836
0 0.039934538304805756 0.32241150736808777 0.03948651999235153 0.02560502290725708
0 0.7738057971000671 0.9756436347961426 0.03757750988006592 0.048712730407714844
0 0.061150722205638885 0.5339999198913574 0.027041852474212646 0.041747450828552246
0 0.10828352719545364 0.3671302795410156 0.029770970344543457 0.05199015140533447
0 0.6476743221282959 0.7581887245178223 0.06341147422790527 0.04757952690124512
0 0.464866578578949 0.8937896490097046 0.028997361660003662 0.04079723358154297
0 0.3775510787963867 0.7666162252426147 0.04387199878692627 0.057675838470458984
0 0.7777334451675415 0.9736626744270325 0.059877634048461914 0.05108237266540527
0 0.15718454122543335 0.7198836803436279 0.02242809534072876 0.056638479232788086
0 0.4437001347541809 0.774152934551239 0.030224919319152832 0.04158151149749756
0 0.2093539834022522 0.041766077280044556 0.028156518936157227 0.058376893401145935
0 0.6337529420852661 0.7617102265357971 0.03678727149963379 0.05525052547454834
0 0.7358402609825134 0.3927110433578491 0.033273935317993164 0.05410134792327881
0 0.6209815740585327 0.2578919529914856 0.02883148193359375 0.03349064290523529
0 0.39988523721694946 0.02408403716981411 0.03733110427856445 0.04381778463721275
0 0.10157410055398941 0.17975017428398132 0.031802788376808167 0.044483959674835205
0 0.8910098075866699 0.2613922953605652 0.035331130027770996 0.03889340162277222
0 0.7670167684555054 0.06968587636947632 0.022722959518432617 0.039514657109975815
0 0.5951492786407471 0.44003063440322876 0.023491263389587402 0.04869377613067627
0 0.9708153605461121 0.616018533706665 0.02512967586517334 0.05382537841796875
0 0.28352242708206177 0.7048287391662598 0.02754509449005127 0.034265756607055664
0 0.5632249116897583 0.3785128593444824 0.026102900505065918 0.046324968338012695
0 0.8757516145706177 0.8905887603759766 0.02368903160095215 0.045606255531311035
