0 0.10132478177547455 0.47880253195762634 0.06721562147140503 0.10291844606399536
0 0.5645909309387207 0.9493931531906128 0.08156418800354004 0.10062623023986816
0 0.929314374923706 0.27618512511253357 0.06913423538208008 0.10243499279022217
0 0.7492291927337646 0.2822521924972534 0.07757091522216797 0.11387024819850922
0 0.1956043243408203 0.33041912317276 0.0714525580406189 0.1000204086303711
0 0.6696895360946655 0.6908129453659058 0.06695795059204102 0.09611105918884277
0 0.4129355549812317 0.8391780853271484 0.08786594867706299 0.09886717796325684
0 0.2873491048812866 0.04835563153028488 0.10756957530975342 0.0938371866941452
0 0.8304321765899658 0.47026097774505615 0.07146966457366943 0.1036754846572876
0 0.25683334469795227 0.1515178382396698 0.05823218822479248 0.08547291159629822
0 0.4243283271789551 0.8379500508308411 0.06318151950836182 0.09603667259216309
0 0.9752167463302612 0.6447218656539917 0.04956650733947754 0.10303926467895508
0 0.8324560523033142 0.4441063404083252 0.07583034038543701 0.16122150421142578
