0 0.3019544780254364 0.8793131709098816 0.20616775751113892 0.20514094829559326
0 0.8154786825180054 0.49635323882102966 0.20465683937072754 0.196719229221344
0 0.12409022450447083 0.18469221889972687 0.20670998096466064 0.20287635922431946
0 0.3190935552120209 0.13412371277809143 0.20959442853927612 0.22261035442352295
0 0.7116369009017944 0.2729022800922394 0.20155572891235352 0.19934678077697754
0 0.9042913913726807 0.2733360528945923 0.19141721725463867 0.19124054908752441
0 0.28632479906082153 0.3273385167121887 0.2097080945968628 0.20323693752288818
0 0.4031713008880615 0.4898589253425598 0.20714938640594482 0.20274615287780762
0 0.9063696265220642 0.6570813655853271 0.18726074695587158 0.20003628730773926
0 0.518316388130188 0.33056640625 0.20389458537101746 0.20612861216068268
0 0.9672083258628845 0.10989319533109665 0.0625619888305664 0.19765396416187286
0 0.6267989873886108 0.442655086517334 0.20192623138427734 0.1988614797592163
