0 0.6002668142318726 0.37094414234161377 0.16012609004974365 0.1841297745704651
0 0.6058849096298218 0.5558344721794128 0.16885638236999512 0.18381798267364502
0 0.29190170764923096 0.9216853380203247 0.16937293112277985 0.15662932395935059
0 0.7893525958061218 0.860278308391571 0.16062581539154053 0.1915518045425415
0 0.15974967181682587 0.6486531496047974 0.15875092148780823 0.1864173412322998
0 0.3199355900287628 0.3558787703514099 0.16172033548355103 0.17838072776794434
0 0.3197396695613861 0.17107465863227844 0.16489440202713013 0.18290120363235474
0 0.45635998249053955 0.08713606745004654 0.16291344165802002 0.17190717160701752
0 0.6065303683280945 0.7427936792373657 0.1698538064956665 0.18574070930480957
0 0.6015771627426147 0.16913537681102753 0.16557645797729492 0.18458083271980286
0 0.3310025632381439 0.568001389503479 0.16530686616897583 0.19124746322631836
0 0.15529438853263855 0.4549179971218109 0.155103862285614 0.18406277894973755
0 0.050113432109355927 0.7418980598449707 0.10022686421871185 0.19461297988891602
0 0.05832226201891899 0.3428810238838196 0.11664452403783798 0.19508589804172516
0 0.7511811256408691 0.09473493695259094 0.15802931785583496 0.18274638056755066
0 0.049981631338596344 0.5543707013130188 0.09996326267719269 0.1929835081100464
0 0.2948894500732422 0.7517102956771851 0.16490699350833893 0.18487584590911865
0 0.15749405324459076 0.838371992111206 0.1628803312778473 0.18547534942626953
0 0.7816140651702881 0.28502869606018066 0.15829825401306152 0.1981806606054306
0 0.9274964332580566 0.23586979508399963 0.14500713348388672 0.1909400224685669
0 0.4299672842025757 0.8548753261566162 0.1576317548751831 0.18541646003723145
0 0.7420803308486938 0.6554239392280579 0.16401124000549316 0.1863560676574707
0 0.0636281818151474 0.1540280282497406 0.1272563636302948 0.19678467512130737
0 0.46260857582092285 0.27126839756965637 0.16217339038848877 0.18494892120361328
0 0.9034323692321777 0.42050406336784363 0.15986394882202148 0.18746834993362427
0 0.7428260445594788 0.46603766083717346 0.16314589977264404 0.18330222368240356
0 0.1839844435453415 0.07947227358818054 0.1627696454524994 0.15861719846725464
0 0.45993566513061523 0.6718865036964417 0.16019046306610107 0.18537473678588867
0 0.04643915966153145 0.9185832738876343 0.0928783193230629 0.16017413139343262
0 0.4663853049278259 0.4596032500267029 0.16515934467315674 0.18037962913513184
0 0.9197264909744263 0.0649537444114685 0.16054701805114746 0.1293889284133911
0 0.1774497628211975 0.26046860218048096 0.16372251510620117 0.18614858388900757
0 0.9714016318321228 0.5387164354324341 0.05667877197265625 0.1863839328289032
0 0.31412699818611145 0.02716895379126072 0.1778307557106018 0.05359942838549614
0 0.6058250665664673 0.9132806062698364 0.22825071215629578 0.17009735107421875
0 0.134150892496109 0.966893196105957 0.18409252166748047 0.06552362442016602
0 0.6211273670196533 0.02102612517774105 0.21876120567321777 0.04094992205500603
0 0.739422619342804 0.9751775860786438 0.19044554233551025 0.04861772060394287
0 0.4071742296218872 0.9740636944770813 0.1847609281539917 0.05046093463897705
0 0.05842364579439163 0.034263450652360916 0.11554312705993652 0.06852690130472183
