0 0.4427388310432434 0.9396206736564636 0.14612030982971191 0.12075865268707275
0 0.9600868225097656 0.6852350234985352 0.07884979248046875 0.3061981201171875
0 0.7910293340682983 0.07241236418485641 0.22881054878234863 0.14482472836971283
0 0.6670082807540894 0.36719053983688354 0.18100297451019287 0.19239437580108643
0 0.9601143598556519 0.12241843342781067 0.07877707481384277 0.24238604307174683
0 0.2900156080722809 0.7034394145011902 0.21478420495986938 0.2993354797363281
0 0.820056140422821 0.7737278938293457 0.11667537689208984 0.11617648601531982
0 0.448326051235199 0.36876600980758667 0.19010400772094727 0.21194911003112793
0 0.5871208906173706 0.7382427453994751 0.1486755609512329 0.16628050804138184
0 0.8409101963043213 0.9054956436157227 0.1470954418182373 0.18796277046203613
0 0.44979506731033325 0.39788946509361267 0.23477041721343994 0.27765876054763794
0 0.4517959654331207 0.3340569734573364 0.16943317651748657 0.14558327198028564
0 0.5948128700256348 0.7730512619018555 0.161704421043396 0.22636699676513672
0 0.29192715883255005 0.7478392720222473 0.21222853660583496 0.21640312671661377
