1 0.4069126844406128 0.8987106084823608 0.15242862701416016 0.1984403133392334
1 0.6325040459632874 0.9460433125495911 0.09652578830718994 0.09560835361480713
1 0.09163489937782288 0.9257422089576721 0.1091805100440979 0.14851558208465576
1 0.03369348868727684 0.6622084379196167 0.06738697737455368 0.14772391319274902
1 0.924848198890686 0.6553331017494202 0.14976096153259277 0.24258601665496826
1 0.26065802574157715 0.7154811024665833 0.08435322344303131 0.10358572006225586
1 0.04077325388789177 0.257085382938385 0.08154650777578354 0.2956862449645996
1 0.859322190284729 0.5998809337615967 0.1006472110748291 0.1522083282470703
1 0.18523485958576202 0.16525214910507202 0.20742425322532654 0.1463293433189392
1 0.9559493064880371 0.6552189588546753 0.08706474304199219 0.24357318878173828
1 0.30289578437805176 0.05598454549908638 0.24686706066131592 0.10881777852773666
1 0.7204105854034424 0.1343035101890564 0.1145409345626831 0.11082053184509277
1 0.8630696535110474 0.8302044868469238 0.14322257041931152 0.08125710487365723
1 0.3319772183895111 0.5707206726074219 0.12539291381835938 0.13251280784606934
1 0.9592399597167969 0.3782278299331665 0.08089423179626465 0.283599853515625
