0 0.7919561266899109 0.6512003540992737 0.25271713733673096 0.27256786823272705
0 0.4286313056945801 0.6134686470031738 0.2051539421081543 0.2223982810974121
0 0.6090788841247559 0.4777064919471741 0.2406950294971466 0.2503039836883545
0 0.624221920967102 0.8263483047485352 0.22603273391723633 0.24576711654663086
0 0.19055943191051483 0.4624922275543213 0.2184595763683319 0.2260814905166626
0 0.40326565504074097 0.8388283252716064 0.21466493606567383 0.23582887649536133
0 0.7885133028030396 0.3095753490924835 0.23211050033569336 0.2442786693572998
0 0.22627460956573486 0.6949905157089233 0.21391785144805908 0.23957276344299316
0 0.5601969957351685 0.21549060940742493 0.26132404804229736 0.2655693292617798
0 0.3988686501979828 0.38660115003585815 0.2210138440132141 0.23153769969940186
