0 0.2871673107147217 0.818198561668396 0.08593355119228363 0.08975410461425781
0 0.6156700849533081 0.10135212540626526 0.23076307773590088 0.20058050751686096
0 0.5618633031845093 0.6530712842941284 0.21592095494270325 0.19732975959777832
0 0.3212538957595825 0.16797946393489838 0.24225006997585297 0.220374196767807
0 0.5533335208892822 0.30210021138191223 0.23192259669303894 0.21791768074035645
0 0.03426026552915573 0.6413897275924683 0.06852053105831146 0.20041847229003906
0 0.09773539751768112 0.1714058518409729 0.19447796046733856 0.2246483564376831
0 0.3893001079559326 0.31105026602745056 0.11527180671691895 0.11602216958999634
0 0.15970440208911896 0.7575157880783081 0.2417285144329071 0.2328479290008545
0 0.7415080070495605 0.8294792175292969 0.2582967281341553 0.24365472793579102
0 0.7919610738754272 0.5997042059898376 0.2446131706237793 0.22674870491027832
0 0.316934734582901 0.5850988626480103 0.2676129937171936 0.23174548149108887
0 0.8517351150512695 0.041474923491477966 0.25528502464294434 0.08294984698295593
0 0.7844197750091553 0.2453458607196808 0.249802827835083 0.22985368967056274
0 0.07821303606033325 0.38764211535453796 0.15622395277023315 0.22362405061721802
0 0.6025691032409668 0.9550926089286804 0.22802019119262695 0.08981478214263916
0 0.31887683272361755 0.7355044484138489 0.08477658033370972 0.07264888286590576
0 0.832817554473877 0.9728943109512329 0.2405397891998291 0.05421137809753418
0 0.3287167251110077 0.5440487265586853 0.23423117399215698 0.1481151580810547
0 0.7913817167282104 0.5664470195770264 0.23592829704284668 0.16226747632026672
0 0.07402439415454865 0.3512728810310364 0.1480487883090973 0.13997578620910645
0 0.3554022014141083 0.5877721309661865 0.18672531843185425 0.23274138569831848
