0 0.46528372168540955 0.17627796530723572 0.08065217733383179 0.08408963680267334
0 0.6630999445915222 0.3220168948173523 0.07006728649139404 0.07561898231506348
0 0.3144530653953552 0.4264412820339203 0.07301962375640869 0.07836651802062988
0 0.12898458540439606 0.5380321145057678 0.07456520199775696 0.0741426944732666
0 0.44125932455062866 0.6043761968612671 0.06956827640533447 0.07460546493530273
0 0.5330310463905334 0.6334201097488403 0.08067214488983154 0.07658839225769043
0 0.350041925907135 0.6239331364631653 0.07294726371765137 0.07443845272064209
0 0.2353278398513794 0.485451340675354 0.0687224268913269 0.06883776187896729
0 0.5427385568618774 0.24381566047668457 0.07233273983001709 0.07719683647155762
0 0.6497300267219543 0.447363018989563 0.07265126705169678 0.0739591121673584
0 0.24105677008628845 0.36196964979171753 0.07403892278671265 0.07240569591522217
0 0.4787040650844574 0.41295772790908813 0.06939488649368286 0.07110905647277832
0 0.7426785826683044 0.2245892882347107 0.0703803300857544 0.06449371576309204
0 0.5753833055496216 0.34163957834243774 0.0697021484375 0.0720142126083374
0 0.20509110391139984 0.26595717668533325 0.0768909752368927 0.06985807418823242
0 0.3954855799674988 0.394203245639801 0.06961262226104736 0.06993997097015381
0 0.3658110499382019 0.1452285349369049 0.07668936252593994 0.06880933791399002
0 0.17232517898082733 0.4348415732383728 0.06170076131820679 0.06936049461364746
0 0.411149263381958 0.5033873319625854 0.0645647644996643 0.06503832340240479
0 0.46568572521209717 0.3119376301765442 0.0778353214263916 0.07167458534240723
0 0.25302034616470337 0.6846152544021606 0.06471168994903564 0.07046175003051758
0 0.8079115152359009 0.2906453609466553 0.07876968383789062 0.06477880477905273
0 0.6414002776145935 0.22380374372005463 0.07003426551818848 0.06542554497718811
0 0.1819095015525818 0.6023343801498413 0.07418736815452576 0.06227993965148926
0 0.7316490411758423 0.3902858793735504 0.07170140743255615 0.06957077980041504
0 0.5893200039863586 0.5480092763900757 0.07433819770812988 0.07265186309814453
0 0.5553662776947021 0.45440685749053955 0.07160508632659912 0.06501007080078125
0 0.17934668064117432 0.17534436285495758 0.06486338376998901 0.07038047909736633
0 0.8033069372177124 0.4372880458831787 0.07377028465270996 0.058718323707580566
0 0.8876396417617798 0.9457640647888184 0.19982481002807617 0.03867816925048828
0 0.556206226348877 0.14531973004341125 0.06792569160461426 0.06570612639188766
0 0.2627893090248108 0.18927010893821716 0.06702400743961334 0.061438173055648804
0 0.14893443882465363 0.3269232511520386 0.06624731421470642 0.06722593307495117
0 0.660834789276123 0.08799724280834198 0.06140708923339844 0.06408071517944336
0 0.4948922097682953 0.5207947492599487 0.07126206159591675 0.06793287396430969
0 0.3096451759338379 0.542510986328125 0.0698385238647461 0.07053649425506592
0 0.3823549747467041 0.23819638788700104 0.06963908672332764 0.06175848841667175
0 0.19010546803474426 0.17759829759597778 0.09213125705718994 0.06688827276229858
0 0.8335392475128174 0.9461508989334106 0.30483484268188477 0.038199543952941895
0 0.4167262315750122 0.39589688181877136 0.11732769012451172 0.06696474552154541
0 0.7862960696220398 0.9447535276412964 0.20170128345489502 0.036622047424316406
0 0.9221606254577637 0.9448440074920654 0.1302034854888916 0.03854990005493164
0 0.6569547653198242 0.22487537562847137 0.10354852676391602 0.06255170702934265
