0 0.8579921722412109 0.5924074649810791 0.25193166732788086 0.27759644389152527
0 0.2990686893463135 0.3198508620262146 0.2668255567550659 0.32805824279785156
0 0.40074896812438965 0.9244221448898315 0.2120227813720703 0.15115571022033691
0 0.23024743795394897 0.8037444353103638 0.2295566201210022 0.24680757522583008
0 0.09039773792028427 0.374647319316864 0.15183664858341217 0.1764460802078247
0 0.4277266561985016 0.09588690102100372 0.29967421293258667 0.19177380204200745
0 0.3628500699996948 0.6150611639022827 0.21390116214752197 0.24931642413139343
0 0.7079196572303772 0.3941437005996704 0.21912765502929688 0.20618093013763428
0 0.9334887862205505 0.3829070031642914 0.13302242755889893 0.24591034650802612
0 0.6355127096176147 0.6784540414810181 0.23162472248077393 0.23673927783966064
0 0.5343846082687378 0.2737344205379486 0.20883965492248535 0.21531349420547485
0 0.6443341970443726 0.6310806274414062 0.21236681938171387 0.15311050415039062
0 0.29913467168807983 0.37253355979919434 0.26517021656036377 0.22146010398864746
0 0.5767377614974976 0.27420687675476074 0.12391364574432373 0.19722449779510498
