0 0.9236738681793213 0.11413650959730148 0.15197348594665527 0.22338302433490753
0 0.0466906912624836 0.06324620544910431 0.0933813825249672 0.12649241089820862
0 0.0693303570151329 0.17947496473789215 0.13674421608448029 0.15108463168144226
0 0.7416008710861206 0.2400486320257187 0.08294439315795898 0.09734156727790833
0 0.8997074365615845 0.39843428134918213 0.13212132453918457 0.15533697605133057
0 0.5726170539855957 0.41429316997528076 0.09839558601379395 0.08055460453033447
0 0.7392624616622925 0.6126502752304077 0.08967924118041992 0.09384918212890625
0 0.5622609257698059 0.3172586262226105 0.09134531021118164 0.08297526836395264
0 0.07952771335840225 0.516193151473999 0.1590554267168045 0.2773805856704712
0 0.47377726435661316 0.02234133705496788 0.31032830476760864 0.044148944318294525
0 0.6858089566230774 0.8693142533302307 0.14558351039886475 0.10777068138122559
0 0.7205816507339478 0.24260327219963074 0.12670063972473145 0.0994943380355835
0 0.38297879695892334 0.7792552709579468 0.1340090036392212 0.12932872772216797
0 0.30858689546585083 0.6233843564987183 0.15749037265777588 0.13765251636505127
0 0.7161464691162109 0.6116024255752563 0.1371239423751831 0.09263324737548828
0 0.7877646684646606 0.7952999472618103 0.11736190319061279 0.10989344120025635
0 0.0259423665702343 0.3049575090408325 0.0518847331404686 0.17654167115688324
