0 0.23759186267852783 0.937089204788208 0.13836467266082764 0.12318003177642822
0 0.7336212396621704 0.8267155289649963 0.13303732872009277 0.16916489601135254
0 0.9426776170730591 0.2493138313293457 0.11450791358947754 0.16270220279693604
0 0.15702718496322632 0.7516363263130188 0.137884259223938 0.14741802215576172
0 0.8624010682106018 0.8083555698394775 0.1345367431640625 0.16398859024047852
0 0.5069514513015747 0.44153928756713867 0.12458062171936035 0.15327322483062744
0 0.935844898223877 0.9247930645942688 0.12778186798095703 0.1498016119003296
0 0.04641156643629074 0.38010895252227783 0.09282313287258148 0.1615467071533203
0 0.6600315570831299 0.6893233060836792 0.12942397594451904 0.16247224807739258
0 0.32198864221572876 0.33685845136642456 0.12451440095901489 0.1536792516708374
0 0.07197366654872894 0.6331359148025513 0.1414848268032074 0.15206503868103027
0 0.6302292346954346 0.412186861038208 0.1295250654220581 0.1646435260772705
0 0.1948048621416092 0.08064959943294525 0.1332325041294098 0.15847229957580566
0 0.8231407403945923 0.2650046646595001 0.12424468994140625 0.1583653688430786
0 0.6031550168991089 0.8369796276092529 0.12866663932800293 0.1639385223388672
0 0.14076292514801025 0.21384510397911072 0.1284145712852478 0.15243959426879883
0 0.44260114431381226 0.31079286336898804 0.12518692016601562 0.16069377958774567
0 0.5299910306930542 0.7027060985565186 0.13318678736686707 0.1599874496459961
0 0.7886427640914917 0.6807997226715088 0.12759661674499512 0.1610429286956787
0 0.03488621115684509 0.23132941126823425 0.06971864402294159 0.1612117886543274
0 0.3824006915092468 0.4653272330760956 0.13007259368896484 0.1624498963356018
0 0.7620022296905518 0.13508135080337524 0.12447965145111084 0.15851259231567383
0 0.516374409198761 0.13763657212257385 0.1333678960800171 0.1501978635787964
0 0.3427155911922455 0.8616884350776672 0.13792794942855835 0.15146958827972412
0 0.5662957429885864 0.2808780372142792 0.13147854804992676 0.1562180519104004
0 0.9587518572807312 0.5199282169342041 0.0824962854385376 0.16202878952026367
0 0.7085210084915161 0.542267918586731 0.1263282299041748 0.16707870364189148
0 0.6902252435684204 0.0405113585293293 0.13601326942443848 0.0810227170586586
0 0.5823700428009033 0.562342643737793 0.13093900680541992 0.161594420671463
0 0.030964495614171028 0.5331926941871643 0.061928991228342056 0.164359450340271
0 0.25398048758506775 0.4718625545501709 0.13090211153030396 0.15459799766540527
0 0.48370659351348877 0.9583857655525208 0.13625192642211914 0.08004605770111084
0 0.920670747756958 0.6688628792762756 0.13120269775390625 0.1662982702255249
0 0.7585854530334473 0.39624786376953125 0.12777924537658691 0.1540377140045166
0 0.45381271839141846 0.5786788463592529 0.1261979341506958 0.15804839134216309
0 0.3205130100250244 0.055802345275878906 0.1304858922958374 0.10738632082939148
0 0.5647449493408203 0.04135832190513611 0.13711878657341003 0.08271664381027222
0 0.3297998309135437 0.5979713201522827 0.12753194570541382 0.15210890769958496
0 0.6953940391540527 0.2682989239692688 0.12795495986938477 0.16430771350860596
0 0.20241448283195496 0.607820987701416 0.12857204675674438 0.16135334968566895
0 0.401233971118927 0.7163941860198975 0.1336849331855774 0.1625603437423706
0 0.8407871723175049 0.5263957977294922 0.14368295669555664 0.18291470408439636
0 0.8133034706115723 0.9358712434768677 0.13769912719726562 0.12666749954223633
0 0.3899424374103546 0.17219984531402588 0.13408368825912476 0.15734684467315674
0 0.6410636901855469 0.13324058055877686 0.1174478530883789 0.15720868110656738
0 0.4754999876022339 0.8397499322891235 0.1274493932723999 0.15102767944335938
0 0.26581260561943054 0.20143753290176392 0.13015109300613403 0.1534132957458496
0 0.8968017101287842 0.39105424284935 0.12499094009399414 0.1617889404296875
0 0.9291728734970093 0.04219939187169075 0.14165425300598145 0.0843987837433815
0 0.43878987431526184 0.04999041557312012 0.13837021589279175 0.09998083114624023
0 0.2776208519935608 0.7322072982788086 0.12062245607376099 0.1644434928894043
0 0.6695857048034668 0.9493467211723328 0.2586355209350586 0.10130655765533447
0 0.8836617469787598 0.11902474611997604 0.12264370918273926 0.16812409460544586
0 0.8165814876556396 0.035498037934303284 0.13230609893798828 0.07099607586860657
0 0.06599754095077515 0.08889378607273102 0.12988877296447754 0.17015162110328674
0 0.12479884177446365 0.485950231552124 0.132541224360466 0.16533732414245605
0 0.3500101566314697 0.9697686433792114 0.13568508625030518 0.05921363830566406
0 0.1981542408466339 0.34142816066741943 0.1223759651184082 0.15389418601989746
