0 0.42411255836486816 0.44028007984161377 0.08404695987701416 0.08177787065505981
0 0.4478120803833008 0.8827986717224121 0.07243943214416504 0.07774901390075684
0 0.6908527612686157 0.5085725784301758 0.06677532196044922 0.08233511447906494
0 0.942386269569397 0.39200714230537415 0.0771867036819458 0.0830610990524292
0 0.14211606979370117 0.5555251836776733 0.07121536135673523 0.08130621910095215
0 0.059746935963630676 0.34728774428367615 0.07424542307853699 0.08458143472671509
0 0.2910677194595337 0.5862573385238647 0.06630337238311768 0.07467472553253174
0 0.45020222663879395 0.5710463523864746 0.06942957639694214 0.0751800537109375
0 0.24808642268180847 0.8752849102020264 0.06904017925262451 0.06735730171203613
0 0.14111539721488953 0.7010271549224854 0.06725858896970749 0.06985020637512207
0 0.6751519441604614 0.7443649768829346 0.0660104751586914 0.07393836975097656
0 0.7442771196365356 0.8743672370910645 0.07310724258422852 0.06957626342773438
0 0.44685548543930054 0.28026601672172546 0.06616312265396118 0.0741536021232605
0 0.7680329084396362 0.20784172415733337 0.06745457649230957 0.07096308469772339
0 0.547331690788269 0.3689773678779602 0.06626152992248535 0.07516515254974365
0 0.3377472162246704 0.72105473279953 0.07042527198791504 0.06951189041137695
0 0.2814375162124634 0.4216901361942291 0.05690872669219971 0.06460314989089966
0 0.5185061693191528 0.06267502158880234 0.05982053279876709 0.06469826400279999
0 0.11146955192089081 0.815649151802063 0.06406638026237488 0.06167936325073242
0 0.7365555763244629 0.3672143816947937 0.058608293533325195 0.06072664260864258
