0 0.08243076503276825 0.5427705645561218 0.1648615300655365 0.18494367599487305
0 0.2590472400188446 0.10485528409481049 0.24489301443099976 0.20761966705322266
0 0.365683913230896 0.7723945379257202 0.2126075029373169 0.21492910385131836
0 0.1504366099834442 0.7590012550354004 0.2389729619026184 0.2547999620437622
0 0.9532027244567871 0.10789025574922562 0.09350156784057617 0.21578051149845123
0 0.26871275901794434 0.5463032126426697 0.2216210514307022 0.21870052814483643
0 0.09145236015319824 0.10141926258802414 0.18170800805091858 0.20283852517604828
0 0.3654223084449768 0.31128668785095215 0.21646642684936523 0.23653636872768402
0 0.5764724612236023 0.7961697578430176 0.20461952686309814 0.21163034439086914
0 0.45907020568847656 0.6953307390213013 0.08996796607971191 0.1069791316986084
0 0.8847669959068298 0.5592180490493774 0.2103579044342041 0.20551636815071106
0 0.9205507040023804 0.783841609954834 0.15889859199523926 0.24678564071655273
0 0.6586952805519104 0.10987460613250732 0.24926936626434326 0.21941128373146057
0 0.46212220191955566 0.10828647017478943 0.24433815479278564 0.21541017293930054
0 0.1488327980041504 0.2755168080329895 0.26136404275894165 0.24384988844394684
