0 0.07592997699975967 0.9338278770446777 0.1454140692949295 0.13086676597595215
0 0.9205465316772461 0.16900625824928284 0.15171170234680176 0.23216259479522705
0 0.368777334690094 0.1914367973804474 0.1456599235534668 0.15642160177230835
0 0.41790273785591125 0.05411577969789505 0.11341643333435059 0.1082315593957901
0 0.37803134322166443 0.5800917744636536 0.10470455884933472 0.12219667434692383
0 0.7774801254272461 0.4262867569923401 0.14180994033813477 0.19378912448883057
0 0.7256935834884644 0.8518342971801758 0.12784934043884277 0.13873779773712158
0 0.2380852997303009 0.7592082023620605 0.11796766519546509 0.12357950210571289
0 0.06530605256557465 0.5038502216339111 0.12878194451332092 0.13899409770965576
0 0.437488317489624 0.052840206772089005 0.0758432149887085 0.10264425724744797
0 0.1316664069890976 0.7933769226074219 0.0952882468700409 0.15780973434448242
0 0.7314524054527283 0.13463260233402252 0.07796549797058105 0.08331349492073059
0 0.6830065250396729 0.05563858896493912 0.20638561248779297 0.110929474234581
0 0.5626571178436279 0.4702611267566681 0.1639682948589325 0.24614006280899048
0 0.19792506098747253 0.06645017117261887 0.09284460544586182 0.09919147193431854
