0 0.7872861623764038 0.25414514541625977 0.0670250654220581 0.08266264200210571
0 0.6963738203048706 0.9153056144714355 0.07173216342926025 0.07548177242279053
0 0.3574916124343872 0.0884084403514862 0.08161735534667969 0.08575943112373352
0 0.10121925920248032 0.49449095129966736 0.0717347115278244 0.07922512292861938
0 0.6327742338180542 0.3326125144958496 0.07481443881988525 0.07328343391418457
0 0.3984224796295166 0.14860090613365173 0.07111108303070068 0.0781068205833435
0 0.7006567716598511 0.34293168783187866 0.06815695762634277 0.0726156234741211
0 0.12832626700401306 0.5568419694900513 0.06838950514793396 0.07771611213684082
0 0.668704092502594 0.3374174237251282 0.13309824466705322 0.07394814491271973
0 0.12057380378246307 0.5459980368614197 0.07694104313850403 0.09839236736297607
