4 0.6683712005615234 0.7969710826873779 0.42119380831718445 0.401336669921875
4 0.3681355118751526 0.6011242866516113 0.3784905672073364 0.49286794662475586
4 0.11479059606790543 0.19115829467773438 0.22700880467891693 0.38231658935546875
4 0.753292441368103 0.357332319021225 0.4165308475494385 0.5200675129890442
4 0.11747150123119354 0.8044874668121338 0.23443841934204102 0.39055848121643066
4 0.2962614595890045 0.06547609716653824 0.35176026821136475 0.1288531869649887
4 0.9276549816131592 0.19900748133659363 0.1433851718902588 0.39801496267318726
4 0.3309095799922943 0.9198780655860901 0.35118812322616577 0.16024386882781982
4 0.08863204717636108 0.6576860547065735 0.17726409435272217 0.2735295295715332
4 0.0770757794380188 0.6302745938301086 0.15404552221298218 0.2171231508255005
4 0.9294103384017944 0.13590644299983978 0.14113831520080566 0.27181288599967957
4 0.7222289443016052 0.2734055519104004 0.37177515029907227 0.3762044906616211
