0 0.6721597909927368 0.5173181295394897 0.09160757064819336 0.11676597595214844
0 0.8563003540039062 0.5386850833892822 0.1248018741607666 0.17631101608276367
0 0.1467510163784027 0.9019697904586792 0.12100373953580856 0.16215801239013672
0 0.28566688299179077 0.20532740652561188 0.1252455711364746 0.16711339354515076
0 0.715893566608429 0.18952405452728271 0.1353210210800171 0.17265450954437256
0 0.5929535031318665 0.3789316415786743 0.10373961925506592 0.13694941997528076
0 0.4653419852256775 0.2969296872615814 0.12467944622039795 0.1657448410987854
0 0.7286185026168823 0.36246007680892944 0.11449003219604492 0.1546342968940735
0 0.7463046908378601 0.6827969551086426 0.09816265106201172 0.13503789901733398
0 0.36320894956588745 0.4064019024372101 0.14445316791534424 0.19493645429611206
0 0.6063133478164673 0.8023765087127686 0.1551457643508911 0.20978569984436035
0 0.2866022288799286 0.7968837022781372 0.14375150203704834 0.19931793212890625
0 0.41373974084854126 0.810479462146759 0.10401594638824463 0.1328033208847046
0 0.9220523834228516 0.6803575158119202 0.11462855339050293 0.15253937244415283
0 0.4166889786720276 0.6079189777374268 0.1397087574005127 0.20019316673278809
0 0.48933082818984985 0.454784631729126 0.11727702617645264 0.1379789113998413
0 0.5528628826141357 0.5899182558059692 0.1285613775253296 0.1666557788848877
0 0.23399415612220764 0.9661277532577515 0.08461862802505493 0.06774449348449707
0 0.9597501754760742 0.5631281137466431 0.0804603099822998 0.11302065849304199
0 0.07488317787647247 0.9829840064048767 0.089657723903656 0.03403198719024658
0 0.608277440071106 0.7589061260223389 0.14435696601867676 0.12162995338439941
0 0.09399186074733734 0.9853947162628174 0.15615814924240112 0.02838754653930664
