0 0.14266397058963776 0.7634743452072144 0.17674896121025085 0.16224968433380127
0 0.3579612374305725 0.4534388780593872 0.17566907405853271 0.16702866554260254
0 0.29466015100479126 0.6876435875892639 0.18566153943538666 0.1794297695159912
0 0.44106948375701904 0.7787028551101685 0.16045427322387695 0.16161036491394043
0 0.7316557168960571 0.6562095880508423 0.17008733749389648 0.16492319107055664
0 0.6031273007392883 0.5463117361068726 0.16459643840789795 0.16934609413146973
0 0.46559086441993713 0.9541552066802979 0.21083897352218628 0.0916895866394043
0 0.8845531940460205 0.7712008953094482 0.1573411226272583 0.15317153930664062
0 0.8810464143753052 0.39086443185806274 0.16182684898376465 0.1653052568435669
0 0.5740578770637512 0.7016606330871582 0.14977800846099854 0.13730144500732422
0 0.6691926717758179 0.3918474316596985 0.14281976222991943 0.15293312072753906
0 0.8330502510070801 0.10910356044769287 0.17369771003723145 0.17484313249588013
0 0.442356675863266 0.274425208568573 0.14548271894454956 0.14285658299922943
0 0.1891688108444214 0.4362354874610901 0.1541907787322998 0.1622217893600464
0 0.45204663276672363 0.6178752183914185 0.16751790046691895 0.14923882484436035
0 0.2794887125492096 0.301105797290802 0.18457216024398804 0.16978882253170013
0 0.2957979142665863 0.86328125 0.18470841646194458 0.16854262351989746
0 0.7541095614433289 0.25488027930259705 0.1645735502243042 0.16401219367980957
0 0.7797529697418213 0.5104150772094727 0.14565253257751465 0.14273035526275635
0 0.66734778881073 0.12000443041324615 0.16483592987060547 0.15968915820121765
0 0.7424801588058472 0.8357382416725159 0.1555485725402832 0.14649701118469238
0 0.5069873332977295 0.11548089981079102 0.16144466400146484 0.18468403816223145
0 0.3381156325340271 0.13815738260746002 0.18527436256408691 0.17980170249938965
0 0.056044090539216995 0.4518391489982605 0.11208818107843399 0.15780818462371826
0 0.9298381805419922 0.5328906774520874 0.13959050178527832 0.14969775080680847
0 0.8613376617431641 0.9191999435424805 0.13940727710723877 0.1419200897216797
0 0.09061035513877869 0.29232680797576904 0.18122071027755737 0.1795548051595688
0 0.5941044092178345 0.2644529938697815 0.15162968635559082 0.16326095163822174
0 0.5278810262680054 0.3979266285896301 0.14359548687934875 0.14661848545074463
0 0.5872685313224792 0.8761377334594727 0.16633927822113037 0.1664137840270996
0 0.9272017478942871 0.24377396702766418 0.14431977272033691 0.1579102873802185
0 0.11598353832960129 0.5917322039604187 0.18072320520877838 0.1758406162261963
0 0.17521212995052338 0.12122966349124908 0.14467892050743103 0.18556317687034607
0 0.6989004015922546 0.9515675902366638 0.14517569541931152 0.09670615196228027
0 0.9714288711547852 0.6616827845573425 0.05619800090789795 0.19237101078033447
0 0.9679137468338013 0.8640607595443726 0.06308197975158691 0.1737302541732788
0 0.5870355367660522 0.031970635056495667 0.15715551376342773 0.06373098492622375
0 0.9251991510391235 0.9669016599655151 0.14960169792175293 0.06480884552001953
0 0.4248175024986267 0.01547735184431076 0.2430049180984497 0.03095470368862152
0 0.27487725019454956 0.024103712290525436 0.25462794303894043 0.04661861062049866
