0 0.6683167219161987 0.2328963726758957 0.2529315948486328 0.33876970410346985
0 0.1547665297985077 0.8024700284004211 0.3066723942756653 0.377353310585022
0 0.4276195466518402 0.417921245098114 0.2846115231513977 0.39246487617492676
0 0.06308562308549881 0.5527499318122864 0.12617124617099762 0.33898472785949707
0 0.03381654992699623 0.818213939666748 0.06763309985399246 0.3635721206665039
0 0.864089846611023 0.3817431926727295 0.2718203067779541 0.29406261444091797
0 0.1292245090007782 0.3057123124599457 0.2584490180015564 0.3419129252433777
0 0.7805950045585632 0.7584667205810547 0.1296234130859375 0.13489723205566406
0 0.5751711130142212 0.7108803987503052 0.25533750653266907 0.37355518341064453
0 0.40806955099105835 0.9425028562545776 0.2125236988067627 0.11342072486877441
0 0.9444118142127991 0.7963274717330933 0.11117637157440186 0.0730443000793457
0 0.8040149807929993 0.11248275637626648 0.23739516735076904 0.22496551275253296
