0 0.5353699922561646 0.8822256922721863 0.2763415575027466 0.23554861545562744
0 0.6624990701675415 0.5410865545272827 0.22133398056030273 0.3276023864746094
0 0.2549011707305908 0.8938094973564148 0.19619226455688477 0.2123810052871704
0 0.8738881945610046 0.39649996161460876 0.2302699089050293 0.3434301018714905
0 0.9197371602058411 0.8009474873542786 0.15950357913970947 0.39810502529144287
0 0.43807482719421387 0.3833111524581909 0.2555866241455078 0.3790370225906372
0 0.6680651903152466 0.18352247774600983 0.23973584175109863 0.364400178194046
0 0.11850219964981079 0.6318960189819336 0.23586305975914001 0.3666410446166992
0 0.13647861778736115 0.19082051515579224 0.2729572355747223 0.3816410303115845
0 0.663949191570282 0.13682371377944946 0.23009932041168213 0.26403093338012695
0 0.4376407265663147 0.33290982246398926 0.24470555782318115 0.27299928665161133
