0 0.2552591860294342 0.20958732068538666 0.06910121440887451 0.10039076209068298
0 0.8436768054962158 0.30507588386535645 0.06677258014678955 0.09401929378509521
0 0.1445755660533905 0.052869975566864014 0.06030839681625366 0.0893925130367279
0 0.5001163482666016 0.9243369102478027 0.07368755340576172 0.10725057125091553
0 0.11358226090669632 0.8679649829864502 0.1843537837266922 0.24507951736450195
0 0.48402315378189087 0.7343965768814087 0.08069503307342529 0.11940479278564453
0 0.3977484107017517 0.7262876033782959 0.08068591356277466 0.12088203430175781
0 0.4613269567489624 0.44235193729400635 0.06496679782867432 0.10019302368164062
0 0.8228054642677307 0.2141377031803131 0.06546032428741455 0.08702647686004639
0 0.2896541357040405 0.7194870114326477 0.0709916353225708 0.10236692428588867
0 0.6088879108428955 0.24523691833019257 0.06832098960876465 0.09656336903572083
0 0.478147029876709 0.44397109746932983 0.10561609268188477 0.10073208808898926
0 0.8386596441268921 0.06341073662042618 0.04135012626647949 0.058764562010765076
0 0.33869555592536926 0.7867865562438965 0.0650365948677063 0.08846688270568848
0 0.5616121292114258 0.5012192726135254 0.054148197174072266 0.0843048095703125
0 0.5441364049911499 0.5722732543945312 0.04673027992248535 0.0581512451171875
0 0.8428405523300171 0.060768015682697296 0.05217266082763672 0.050184592604637146
