0 0.31176337599754333 0.9422446489334106 0.19221735000610352 0.11348938941955566
0 0.1315283626317978 0.9452441930770874 0.18474188446998596 0.1095116138458252
0 0.9235343337059021 0.5592412948608398 0.15284550189971924 0.2656816244125366
0 0.5134359002113342 0.6889296770095825 0.17459619045257568 0.25229954719543457
0 0.6913108229637146 0.7040468454360962 0.18595540523529053 0.2498016357421875
0 0.8835837841033936 0.7133830189704895 0.08146142959594727 0.1035158634185791
0 0.6235967874526978 0.3677680194377899 0.1685025691986084 0.24323338270187378
0 0.512373685836792 0.646285891532898 0.1714458465576172 0.17219042778015137
0 0.054246045649051666 0.7764973640441895 0.10442931950092316 0.16423892974853516
0 0.7887267470359802 0.331241250038147 0.1627962589263916 0.16308365762233734
0 0.19827783107757568 0.7402398586273193 0.1657160520553589 0.17159414291381836
0 0.8662383556365967 0.19043828547000885 0.15549659729003906 0.16282829642295837
0 0.15560410916805267 0.30086463689804077 0.15307903289794922 0.14163325726985931
0 0.5877977013587952 0.05549057945609093 0.19864487648010254 0.11072362214326859
0 0.62233567237854 0.3156556785106659 0.15623223781585693 0.1446683406829834
0 0.7904382944107056 0.3701198697090149 0.17099535465240479 0.23923945426940918
0 0.40748998522758484 0.05734466761350632 0.1926591992378235 0.11434933543205261
