0 0.9150828719139099 0.8617968559265137 0.16886579990386963 0.27640628814697266
0 0.7338533401489258 0.07622234523296356 0.2934861183166504 0.15013554692268372
0 0.26785510778427124 0.960602343082428 0.21049898862838745 0.07879531383514404
0 0.34551888704299927 0.02801896445453167 0.24057723581790924 0.05485488846898079
0 0.18783408403396606 0.16284990310668945 0.12404733896255493 0.11905813217163086
0 0.2826101779937744 0.47706300020217896 0.12200425565242767 0.09900200366973877
0 0.03481966257095337 0.5973185300827026 0.06557554006576538 0.12219464778900146
0 0.5416982173919678 0.5403667688369751 0.09340569376945496 0.08277627825737
0 0.5937198400497437 0.8245446085929871 0.11775684356689453 0.1049492359161377
0 0.10525007545948029 0.47485846281051636 0.11089366674423218 0.08994591236114502
0 0.34575778245925903 0.05622188374400139 0.24437010288238525 0.11167270690202713
