0 0.37985163927078247 0.19050592184066772 0.2578240633010864 0.32221519947052
0 0.6371001601219177 0.24446412920951843 0.2632521390914917 0.3143942356109619
0 0.7046535015106201 0.5847482681274414 0.31683874130249023 0.37430787086486816
0 0.5870760083198547 0.849637508392334 0.22478151321411133 0.28090667724609375
0 0.4742659628391266 0.46142295002937317 0.22897738218307495 0.2809295058250427
0 0.8724551200866699 0.8497589826583862 0.1700448989868164 0.05399918556213379
0 0.3645704686641693 0.7191885113716125 0.27993398904800415 0.3266371488571167
0 0.24068038165569305 0.4423513412475586 0.2375660240650177 0.2935367822647095
0 0.7999476790428162 0.9398282766342163 0.09219586849212646 0.07413506507873535
0 0.14155186712741852 0.09862826764583588 0.031256139278411865 0.16033712029457092
