0 0.3906558156013489 0.18944312632083893 0.12878501415252686 0.17365619540214539
0 0.5685542821884155 0.4557700455188751 0.12622559070587158 0.1791277527809143
0 0.21451336145401 0.3620045483112335 0.09582269191741943 0.12892192602157593
0 0.11146168410778046 0.7757053971290588 0.15805509686470032 0.20287883281707764
0 0.894808292388916 0.33169206976890564 0.14176726341247559 0.1884790062904358
0 0.6015779972076416 0.04081965610384941 0.1310117244720459 0.08163931220769882
0 0.24843670427799225 0.7315263748168945 0.14038428664207458 0.19097232818603516
0 0.7790131568908691 0.4439244270324707 0.15735316276550293 0.20705509185791016
0 0.1030624508857727 0.5719943642616272 0.1413557231426239 0.19295060634613037
0 0.31960996985435486 0.36854103207588196 0.1123998761177063 0.14808684587478638
0 0.43791231513023376 0.513751745223999 0.1462523341178894 0.1941957175731659
0 0.6791964173316956 0.6913888454437256 0.12662696838378906 0.15033936500549316
0 0.28233468532562256 0.20976334810256958 0.09758281707763672 0.12920361757278442
0 0.2420242726802826 0.5293770432472229 0.14188754558563232 0.1933600902557373
0 0.5523802042007446 0.635671854019165 0.1360282599925995 0.18285727500915527
0 0.7774662971496582 0.4152994155883789 0.15395426750183105 0.14547407627105713
0 0.8788323402404785 0.9420744180679321 0.19851815700531006 0.039357662200927734
