0 0.6941800117492676 0.5966794490814209 0.2639303207397461 0.28447797894477844
0 0.07002969086170197 0.8562043309211731 0.14005938172340393 0.2875913381576538
0 0.3540136218070984 0.4657512307167053 0.260823130607605 0.34303510189056396
0 0.47737064957618713 0.8141187429428101 0.25984567403793335 0.3717625141143799
0 0.9341957569122314 0.8154879212379456 0.13088560104370117 0.3690241575241089
0 0.4952245354652405 0.14754937589168549 0.242273211479187 0.25860580801963806
0 0.9393606185913086 0.36191409826278687 0.12071013450622559 0.42962849140167236
0 0.7524044513702393 0.1772615611553192 0.27602481842041016 0.3239273428916931
0 0.9323956966400146 0.7911664247512817 0.1352086067199707 0.2824091911315918
0 0.47609084844589233 0.8842660784721375 0.257132887840271 0.22939634323120117
0 0.470407634973526 0.7946241497993469 0.23051875829696655 0.2931631803512573
0 0.9449059367179871 0.32364022731781006 0.10923981666564941 0.32332563400268555
