0 0.882929801940918 0.23020678758621216 0.06641530990600586 0.046842336654663086
0 0.9307156801223755 0.3599105477333069 0.07052135467529297 0.046611785888671875
0 0.4293983578681946 0.09017323702573776 0.04740571975708008 0.05438663065433502
0 0.4966343641281128 0.16571883857250214 0.04091477394104004 0.07683715224266052
0 0.05606452748179436 0.9629537463188171 0.0406549796462059 0.03933560848236084
0 0.7393579483032227 0.5376102924346924 0.05963265895843506 0.06021261215209961
0 0.5682560801506042 0.5355180501937866 0.07076644897460938 0.044237375259399414
0 0.9303454160690308 0.48243916034698486 0.04197382926940918 0.03703892230987549
0 0.7754405736923218 0.0693647712469101 0.07408285140991211 0.0493195615708828
0 0.17763680219650269 0.03530929237604141 0.06471133232116699 0.05952019989490509
0 0.17938858270645142 0.5317015647888184 0.04207813739776611 0.048191189765930176
0 0.07873839139938354 0.5364658236503601 0.0501970611512661 0.06101524829864502
0 0.11791929602622986 0.2305860072374344 0.03921782970428467 0.04959651827812195
0 0.4921703040599823 0.46237504482269287 0.03954213857650757 0.036173343658447266
0 0.40428125858306885 0.5338860154151917 0.04732871055603027 0.05187380313873291
0 0.36277806758880615 0.3078380823135376 0.040474891662597656 0.08573949337005615
0 0.3990921974182129 0.9570597410202026 0.042981505393981934 0.053821563720703125
0 0.1633434295654297 0.9699804782867432 0.04645395278930664 0.050406694412231445
0 0.23851022124290466 0.9162108898162842 0.03882986307144165 0.041319847106933594
0 0.7740968465805054 0.27824634313583374 0.040995121002197266 0.04182446002960205
0 0.2754608690738678 0.17096123099327087 0.04443150758743286 0.04666876792907715
0 0.9149737358093262 0.7414873242378235 0.04113006591796875 0.041187405586242676
0 0.2740449011325836 0.3356497585773468 0.03906446695327759 0.03927499055862427
0 0.6689616441726685 0.4116893708705902 0.07489252090454102 0.058384597301483154
0 0.6595078706741333 0.7613781094551086 0.04366731643676758 0.044759154319763184
0 0.4021558165550232 0.1964539885520935 0.04100489616394043 0.03611338138580322
0 0.07112518697977066 0.2938516139984131 0.042798370122909546 0.03922104835510254
0 0.32202839851379395 0.42731159925460815 0.05986630916595459 0.07655513286590576
0 0.371379017829895 0.638945460319519 0.04465079307556152 0.042272090911865234
0 0.4796760082244873 0.5885797739028931 0.042001962661743164 0.039542198181152344
0 0.8493763208389282 0.5518826246261597 0.04266524314880371 0.053838253021240234
0 0.9278314113616943 0.48116421699523926 0.05750679969787598 0.03998064994812012
0 0.14441561698913574 0.8466325998306274 0.054920077323913574 0.04637551307678223
0 0.22464720904827118 0.2687598466873169 0.04599902033805847 0.04738284647464752
0 0.4032461941242218 0.19551920890808105 0.060331881046295166 0.040148258209228516
0 0.3090495765209198 0.9131637811660767 0.043072640895843506 0.03722786903381348
0 0.8006479740142822 0.13442975282669067 0.03420543670654297 0.04901599884033203
0 0.12942352890968323 0.6374455690383911 0.055413126945495605 0.04263162612915039
0 0.9071200489997864 0.11663950234651566 0.056609153747558594 0.08483283221721649
0 0.16973498463630676 0.9710614085197449 0.05445575714111328 0.05632293224334717
0 0.22977356612682343 0.6356185078620911 0.0437292754650116 0.03881216049194336
0 0.43782341480255127 0.8745372295379639 0.04395413398742676 0.045827388763427734
0 0.6775977611541748 0.13086463510990143 0.036733150482177734 0.041465044021606445
0 0.2695484161376953 0.08360619843006134 0.04207231104373932 0.052129268646240234
0 0.8198820948600769 0.7291899919509888 0.04852771759033203 0.08261561393737793
0 0.15155209600925446 0.28524327278137207 0.04164734482765198 0.048477888107299805
0 0.5601464509963989 0.5336383581161499 0.05983138084411621 0.05090451240539551
0 0.2283187210559845 0.7595623731613159 0.04049324989318848 0.03581225872039795
0 0.9265778660774231 0.8348186016082764 0.039760708808898926 0.05544734001159668
0 0.5247835516929626 0.800123929977417 0.048226356506347656 0.0517277717590332
0 0.7726637125015259 0.19629067182540894 0.03793752193450928 0.036470651626586914
0 0.3010020852088928 0.5624241828918457 0.03908669948577881 0.04037785530090332
0 0.6000896692276001 0.2419150173664093 0.04212391376495361 0.050630271434783936
0 0.09740748256444931 0.29198145866394043 0.09886147081851959 0.041114091873168945
0 0.5705593824386597 0.39156103134155273 0.044875264167785645 0.049185097217559814
0 0.6101782321929932 0.8910062313079834 0.04802656173706055 0.04852104187011719
0 0.8889626264572144 0.647391676902771 0.03915739059448242 0.0410771369934082
0 0.21748539805412292 0.45303744077682495 0.038702428340911865 0.04867911338806152
0 0.49481141567230225 0.31605294346809387 0.042227983474731445 0.04072648286819458
0 0.15149763226509094 0.739801287651062 0.06135600805282593 0.05490994453430176
0 0.21906344592571259 0.1591494232416153 0.073052316904068 0.04941457509994507
0 0.3803555965423584 0.4309185743331909 0.03743243217468262 0.03858375549316406
0 0.8549987077713013 0.4785955846309662 0.06241250038146973 0.04152709245681763
0 0.4741249084472656 0.7097208499908447 0.06142449378967285 0.07754313945770264
0 0.7957925796508789 0.42384177446365356 0.04358172416687012 0.056815385818481445
0 0.023835552856326103 0.3510016202926636 0.047671105712652206 0.0759115219116211
0 0.1714935302734375 0.34776484966278076 0.0374414324760437 0.05478334426879883
0 0.12182612717151642 0.42519569396972656 0.08323782682418823 0.04780542850494385
0 0.5754938721656799 0.11100077629089355 0.04735851287841797 0.046976685523986816
0 0.3654105067253113 0.022274788469076157 0.04797399044036865 0.04454957693815231
0 0.8478270769119263 0.4796702265739441 0.043335676193237305 0.042527198791503906
0 0.12647923827171326 0.22929111123085022 0.061946600675582886 0.047837018966674805
0 0.315777063369751 0.8629902005195618 0.03032064437866211 0.04912078380584717
0 0.982276439666748 0.2838403582572937 0.035447120666503906 0.04845529794692993
0 0.300733745098114 0.7201418280601501 0.05156296491622925 0.056989192962646484
0 0.5803660154342651 0.6689884662628174 0.041943907737731934 0.04504680633544922
0 0.43982791900634766 0.8771767616271973 0.05386614799499512 0.05395841598510742
0 0.4864614009857178 0.264238566160202 0.04310965538024902 0.04511290788650513
0 0.7530302405357361 0.2816556394100189 0.10071957111358643 0.04209780693054199
0 0.5741117000579834 0.016788220033049583 0.0905447006225586 0.03357644006609917
0 0.9843504428863525 0.7252990007400513 0.03129911422729492 0.0559687614440918
0 0.8617340922355652 0.35170620679855347 0.07635080814361572 0.05849379301071167
0 0.282884418964386 0.16725710034370422 0.08411926031112671 0.04362666606903076
0 0.019610758870840073 0.6414855718612671 0.039221517741680145 0.048502445220947266
0 0.10269636660814285 0.4233670234680176 0.04583097994327545 0.046803832054138184
0 0.7146308422088623 0.2930982708930969 0.04293322563171387 0.03898179531097412
0 0.4721897840499878 0.3669242858886719 0.03315281867980957 0.03464818000793457
0 0.27596619725227356 0.9148503541946411 0.12632900476455688 0.04134821891784668
0 0.976457953453064 0.5863721966743469 0.039794206619262695 0.047539710998535156
0 0.32313278317451477 0.19752706587314606 0.03748619556427002 0.04755568504333496
0 0.5179799795150757 0.9616790413856506 0.0394463837146759 0.05496835708618164
0 0.7775694131851196 0.19843927025794983 0.05490899085998535 0.04199284315109253
0 0.9247719645500183 0.8309426307678223 0.04538881778717041 0.04116225242614746
0 0.08400725573301315 0.9713587760925293 0.1002645343542099 0.057282447814941406
0 0.02913540229201317 0.7503506541252136 0.0353575199842453 0.05822324752807617
0 0.32717621326446533 0.6871391534805298 0.05072963237762451 0.05602884292602539
0 0.8364945650100708 0.33025866746902466 0.04053759574890137 0.05298417806625366
0 0.385407030582428 0.7835667729377747 0.04253816604614258 0.047759294509887695
0 0.06986161321401596 0.8627863526344299 0.03832121193408966 0.041765570640563965
0 0.9001637101173401 0.11003876477479935 0.042136192321777344 0.0725129097700119
0 0.12797261774539948 0.43480876088142395 0.0945635735988617 0.050139546394348145
0 0.2418091744184494 0.16235937178134918 0.11919066309928894 0.04509350657463074
0 0.6826840043067932 0.2374279946088791 0.042086124420166016 0.049780458211898804
0 0.6391297578811646 0.5397073030471802 0.03763461112976074 0.045554161071777344
0 0.6467920541763306 0.5383004546165466 0.05944561958312988 0.04298388957977295
0 0.34226709604263306 0.19598862528800964 0.07664668560028076 0.04675090312957764
0 0.7703689336776733 0.8412867784500122 0.04232335090637207 0.034999966621398926
0 0.46142953634262085 0.7053400874137878 0.04425084590911865 0.06954491138458252
0 0.750005304813385 0.8414202332496643 0.07573294639587402 0.03593873977661133
0 0.20638081431388855 0.15901419520378113 0.041164398193359375 0.05587267875671387
0 0.9778429269790649 0.2844045162200928 0.040326833724975586 0.042211055755615234
0 0.37981751561164856 0.6389234066009521 0.06088089942932129 0.04396939277648926
0 0.8035154938697815 0.7269508838653564 0.07858848571777344 0.08307123184204102
0 0.6807775497436523 0.6428512334823608 0.040854454040527344 0.04082655906677246
0 0.9222613573074341 0.7385653853416443 0.05346488952636719 0.039898037910461426
0 0.08878491073846817 0.8570153713226318 0.0796026736497879 0.04370522499084473
0 0.5586906671524048 0.01798269897699356 0.04701495170593262 0.03596539795398712
0 0.01601773500442505 0.467521071434021 0.0320354700088501 0.04594993591308594
0 0.74349045753479 0.28661519289016724 0.10438680648803711 0.040407001972198486
0 0.6074612140655518 0.23930032551288605 0.05996561050415039 0.045473068952560425
0 0.1482255458831787 0.44206148386001587 0.040945589542388916 0.0545274019241333
0 0.7854454517364502 0.07365357130765915 0.0531308650970459 0.05919669568538666
