4 0.7235151529312134 0.29520267248153687 0.16689705848693848 0.11827744543552399
4 0.49437519907951355 0.3860407769680023 0.09059089422225952 0.0711057186126709
4 0.42587557435035706 0.8298357725143433 0.08474463224411011 0.08656930923461914
4 0.6873537302017212 0.42659926414489746 0.15322530269622803 0.15068137645721436
4 0.48152032494544983 0.5358477830886841 0.10694652795791626 0.07941725850105286
4 0.679936945438385 0.09710618853569031 0.07842862606048584 0.07824811339378357
4 0.3459421396255493 0.5076534748077393 0.08813643455505371 0.06029331684112549
4 0.14895948767662048 0.05915383622050285 0.15154671669006348 0.1183076724410057
4 0.9342084527015686 0.4340321123600006 0.13069665431976318 0.4023779034614563
4 0.3274182081222534 0.9792325496673584 0.22615790367126465 0.0408782958984375
4 0.2108035832643509 0.5037336945533752 0.07192182540893555 0.0603100061416626
4 0.3843916058540344 0.06599807739257812 0.08711785078048706 0.1296161413192749
