0 0.8554421663284302 0.8516133427619934 0.27260398864746094 0.29603350162506104
0 0.8437414169311523 0.23001569509506226 0.27088332176208496 0.22972500324249268
0 0.8323513269424438 0.6609360575675964 0.1004788875579834 0.08436799049377441
0 0.9584754705429077 0.6994719505310059 0.08304905891418457 0.11611747741699219
0 0.895227313041687 0.02232273668050766 0.18722319602966309 0.04464547336101532
0 0.3928567171096802 0.1096818745136261 0.35993218421936035 0.2160879671573639
0 0.049872979521751404 0.08061370253562927 0.09974595904350281 0.15952858328819275
0 0.634839653968811 0.8838655948638916 0.11472654342651367 0.06479191780090332
0 0.061055753380060196 0.9501272439956665 0.12211150676012039 0.09936952590942383
0 0.41468745470046997 0.3340018093585968 0.1754359006881714 0.19755291938781738
0 0.6389281749725342 0.3773890733718872 0.0974431037902832 0.09444272518157959
0 0.7307212352752686 0.44553303718566895 0.11238431930541992 0.09485065937042236
