1 0.17671754956245422 0.13889454305171967 0.09068989753723145 0.08385112881660461
1 0.30088940262794495 0.2504945397377014 0.1252269148826599 0.12896162271499634
1 0.2258652150630951 0.06366637349128723 0.11045145988464355 0.09222206473350525
1 0.21511542797088623 0.349940687417984 0.08869409561157227 0.11699241399765015
1 0.5815111994743347 0.06530678272247314 0.10410749912261963 0.07079066336154938
1 0.49542537331581116 0.4255754351615906 0.08313900232315063 0.09788763523101807
1 0.7393210530281067 0.5248706340789795 0.08702552318572998 0.0820605456829071
1 0.2702060639858246 0.59723961353302 0.08651763200759888 0.08607196807861328
1 0.745642900466919 0.43316560983657837 0.15589451789855957 0.09148669242858887
1 0.8900445699691772 0.07340891659259796 0.12120628356933594 0.113457590341568
1 0.30131080746650696 0.2282440960407257 0.12694710493087769 0.0832332968711853
1 0.3770846426486969 0.6512830257415771 0.12506580352783203 0.09680962562561035
1 0.5850960612297058 0.07281113415956497 0.11570477485656738 0.09409089386463165
1 0.432807058095932 0.4078174829483032 0.08705216646194458 0.10434162616729736
1 0.7297887802124023 0.22682267427444458 0.10667181015014648 0.07730972766876221
1 0.33924490213394165 0.34412914514541626 0.10751211643218994 0.09988343715667725
1 0.48765772581100464 0.6855207681655884 0.08638036251068115 0.10248327255249023
1 0.1589735448360443 0.5457123517990112 0.10132336616516113 0.10895848274230957
1 0.06976056843996048 0.48543381690979004 0.07500691711902618 0.11751115322113037
1 0.05570466071367264 0.4867488741874695 0.10317201912403107 0.12243115901947021
1 0.9337015748023987 0.32538050413131714 0.06786084175109863 0.06619298458099365
1 0.13093507289886475 0.9789941310882568 0.12934711575508118 0.04124712944030762
1 0.8974272012710571 0.0564083606004715 0.1040809154510498 0.07818916440010071
1 0.7442004680633545 0.5389621257781982 0.08662271499633789 0.10108327865600586
1 0.8376407623291016 0.03126128762960434 0.11032986640930176 0.06252257525920868
1 0.5891990661621094 0.05639323592185974 0.11308908462524414 0.09600940346717834
1 0.32447999715805054 0.11140254884958267 0.12778031826019287 0.11267219483852386
1 0.866031289100647 0.061846524477005005 0.17084884643554688 0.115292027592659
1 0.35726872086524963 0.11444292962551117 0.19776183366775513 0.11415666341781616
1 0.4023638069629669 0.8354718685150146 0.09209173917770386 0.11421656608581543
1 0.5964995622634888 0.02139604464173317 0.10268270969390869 0.041594497859478
1 0.3223172426223755 0.08270402252674103 0.12842124700546265 0.06211808696389198
1 0.7268321514129639 0.18912942707538605 0.10293436050415039 0.15395638346672058
1 0.22228023409843445 0.5540327429771423 0.09816879034042358 0.09348225593566895
1 0.029229968786239624 0.580263614654541 0.05845993757247925 0.08099377155303955
1 0.48134011030197144 0.9521633386611938 0.10455763339996338 0.09467649459838867
1 0.8887369632720947 0.8855147957801819 0.14946794509887695 0.028374314308166504
1 0.3830353617668152 0.672094464302063 0.11339974403381348 0.12880539894104004
1 0.5926097631454468 0.7682238817214966 0.12155771255493164 0.11952126026153564
1 0.02436327002942562 0.35807323455810547 0.04872654005885124 0.17066001892089844
1 0.13738805055618286 0.9154648780822754 0.0821114182472229 0.10532689094543457
1 0.4797610640525818 0.9241117238998413 0.11220407485961914 0.14501523971557617
