1 0.9121643900871277 0.24945035576820374 0.17567121982574463 0.2754104733467102
1 0.13445082306861877 0.11896882951259613 0.2586410641670227 0.23793765902519226
1 0.35371899604797363 0.060193195939064026 0.21874763071537018 0.12038639187812805
1 0.6749215722084045 0.3158212900161743 0.2542606592178345 0.2520744800567627
1 0.31260645389556885 0.8557001352310181 0.27761340141296387 0.27376413345336914
1 0.9340205788612366 0.05807296186685562 0.13003480434417725 0.11614592373371124
1 0.14716088771820068 0.37203332781791687 0.29432177543640137 0.25179439783096313
1 0.33229270577430725 0.5812747478485107 0.1750285029411316 0.22785329818725586
1 0.08735455572605133 0.8890836238861084 0.17470911145210266 0.2218327522277832
1 0.4381933808326721 0.38139307498931885 0.20746469497680664 0.12023389339447021
1 0.5626226663589478 0.7030928134918213 0.2154841423034668 0.22694921493530273
1 0.5560010671615601 0.514972984790802 0.21384859085083008 0.1812986135482788
1 0.46022725105285645 0.16766399145126343 0.21928822994232178 0.16513460874557495
1 0.34797999262809753 0.8444691896438599 0.19922959804534912 0.2591989040374756
1 0.420480340719223 0.9761579036712646 0.3459396958351135 0.0476841926574707
1 0.908470630645752 0.6922705173492432 0.1830587387084961 0.2231438159942627
1 0.8264927864074707 0.48770684003829956 0.3173818588256836 0.24098217487335205
1 0.6891263723373413 0.0990486741065979 0.3360722064971924 0.1931016445159912
1 0.7286101579666138 0.7372061014175415 0.10837531089782715 0.1581432819366455
1 0.4378163516521454 0.3346588611602783 0.2141287922859192 0.21509921550750732
1 0.4276769757270813 0.9829427003860474 0.33999454975128174 0.03411459922790527
1 0.9057952165603638 0.6255019903182983 0.1800060272216797 0.07953190803527832
1 0.05593673884868622 0.031377460807561874 0.11187347769737244 0.06275492161512375
1 0.3503795564174652 0.9767975807189941 0.3456183075904846 0.046155691146850586
