1 0.7831165790557861 0.9639074802398682 0.12761497497558594 0.06818592548370361
1 0.3412322998046875 0.5057557225227356 0.07613086700439453 0.11209118366241455
1 0.20518797636032104 0.1463201344013214 0.09174585342407227 0.14357274770736694
1 0.27539515495300293 0.5964876413345337 0.11540120840072632 0.0924370288848877
1 0.5762746334075928 0.8754736185073853 0.12190937995910645 0.09511613845825195
1 0.4361892342567444 0.8045032024383545 0.07488667964935303 0.10744738578796387
1 0.4111766219139099 0.7567868232727051 0.09451735019683838 0.12349724769592285
1 0.0761900395154953 0.08015187829732895 0.09130164980888367 0.09128303825855255
1 0.4204556345939636 0.7778860330581665 0.10477942228317261 0.16675007343292236
1 0.4039115905761719 0.7353825569152832 0.07715314626693726 0.08977007865905762
1 0.42819637060165405 0.7893809676170349 0.09360647201538086 0.1305485963821411
