1 0.7215266227722168 0.7800595760345459 0.12380290031433105 0.16270208358764648
1 0.06539978086948395 0.8216776847839355 0.12975147366523743 0.32626986503601074
1 0.29697537422180176 0.9467567801475525 0.23954366147518158 0.10648643970489502
1 0.2430533766746521 0.9467434883117676 0.35519444942474365 0.10651302337646484
1 0.4704021215438843 0.6001608371734619 0.10143148899078369 0.14458274841308594
1 0.6903680562973022 0.9194263219833374 0.2235316038131714 0.15628480911254883
1 0.06329642236232758 0.7649945020675659 0.12659284472465515 0.26094746589660645
1 0.22521914541721344 0.11720889806747437 0.38359078764915466 0.23441779613494873
1 0.16508717834949493 0.9683780670166016 0.25917258858680725 0.06269276142120361
1 0.776231050491333 0.15683501958847046 0.25568652153015137 0.3136700391769409
1 0.9330868721008301 0.5325139760971069 0.1329348087310791 0.30896803736686707
1 0.30896252393722534 0.9664994478225708 0.22879469394683838 0.06688547134399414
1 0.9307368397712708 0.11533358693122864 0.13785183429718018 0.23007065057754517
