1 0.6569768190383911 0.09955035150051117 0.09635201841592789 0.07892712950706482
1 0.4919872283935547 0.5816735625267029 0.11655758321285248 0.09719397127628326
1 0.6475651264190674 0.45831620693206787 0.10731139034032822 0.08049120008945465
1 0.773729145526886 0.6540985107421875 0.0975501537322998 0.10071824491024017
1 0.4778914749622345 0.25614237785339355 0.11542617529630661 0.09078483283519745
1 0.24748079478740692 0.33483707904815674 0.10387545078992844 0.10905421525239944
1 0.4493529200553894 0.8579707741737366 0.11213759332895279 0.11932917684316635
1 0.8260442614555359 0.3868526220321655 0.11716702580451965 0.12242389470338821
1 0.39909693598747253 0.7171165347099304 0.09528496861457825 0.10474185645580292
1 0.8068409562110901 0.5119257569313049 0.09151273220777512 0.1011032983660698
1 0.06960772722959518 0.749498188495636 0.09981467574834824 0.14119961857795715
1 0.7442610859870911 0.6503507494926453 0.15964661538600922 0.10404898226261139
1 0.5629132390022278 0.7825981974601746 0.12588950991630554 0.10326004028320312
1 0.2907004952430725 0.9732770919799805 0.24229836463928223 0.0528608039021492
1 0.13466909527778625 0.5602378249168396 0.11165861785411835 0.10819925367832184
1 0.8476640582084656 0.2287735641002655 0.130706787109375 0.1359843760728836
1 0.7083933353424072 0.6437643766403198 0.08953233063220978 0.10840816795825958
1 0.19017550349235535 0.6791661381721497 0.11976855993270874 0.11260990053415298
1 0.42687878012657166 0.4436604976654053 0.11156424134969711 0.10855686664581299
1 0.43780601024627686 0.34284380078315735 0.1242632269859314 0.09045904874801636
1 0.9710666537284851 0.24792519211769104 0.05786678194999695 0.10868936777114868
1 0.2900867462158203 0.5215758681297302 0.05548141151666641 0.09728610515594482
1 0.5971582531929016 0.6216323375701904 0.08337244391441345 0.10270527750253677
1 0.652474045753479 0.11928657442331314 0.10098554939031601 0.11344271898269653
1 0.4776432514190674 0.3046058416366577 0.11449780315160751 0.18526659905910492
1 0.34138599038124084 0.6515223383903503 0.11734414100646973 0.09684909135103226
