0 0.6416015625 0.517578125 0.2412109375 0.2392578125
0 0.9091796875 0.0810546875 0.181640625 0.1611328125
0 0.880859375 0.197265625 0.146484375 0.1240234375
0 0.93359375 0.5556640625 0.1328125 0.130859375
0 0.8876953125 0.7490234375 0.1591796875 0.16015625
0 0.7900390625 0.9560546875 0.154296875 0.087890625
0 0.5771484375 0.8125 0.15625 0.1494140625
0 0.6611328125 0.783203125 0.1279296875 0.1181640625
0 0.125 0.87109375 0.1337890625 0.1240234375
0 0.1572265625 0.896484375 0.119140625 0.11328125
0 0.224609375 0.4130859375 0.1552734375 0.1396484375
0 0.0185546875 0.419921875 0.0361328125 0.091796875
0 0.720703125 0.091796875 0.1025390625 0.1103515625