0 0.0888671875 0.5947265625 0.1767578125 0.2236328125
0 0.814453125 0.8466796875 0.2177734375 0.201171875
0 0.630859375 0.5859375 0.115234375 0.111328125
0 0.7958984375 0.6962890625 0.1826171875 0.138671875
0 0.974609375 0.4169921875 0.0498046875 0.166015625
0 0.841796875 0.2548828125 0.1455078125 0.1376953125
0 0.4130859375 0.7314453125 0.1201171875 0.109375
0 0.27734375 0.96484375 0.09375 0.0703125
0 0.3857421875 0.15625 0.1748046875 0.1943359375
0 0.5166015625 0.1083984375 0.0927734375 0.107421875
0 0.1669921875 0.1865234375 0.1220703125 0.1455078125
0 0.1884765625 0.041015625 0.138671875 0.08203125