0 0.3828125 0.1376953125 0.1845703125 0.1904296875
0 0.677734375 0.1162109375 0.10546875 0.1142578125
0 0.595703125 0.0361328125 0.16796875 0.072265625
0 0.84375 0.34765625 0.16015625 0.158203125
0 0.8828125 0.708984375 0.2197265625 0.2197265625
0 0.71875 0.4560546875 0.123046875 0.1201171875
0 0.626953125 0.642578125 0.1611328125 0.1689453125
0 0.224609375 0.4990234375 0.1298828125 0.1123046875
0 0.041015625 0.6796875 0.08203125 0.134765625
0 0.1044921875 0.7958984375 0.1162109375 0.0947265625
0 0.2822265625 0.822265625 0.1943359375 0.1767578125
0 0.4951171875 0.8662109375 0.1552734375 0.16015625
0 0.8740234375 0.9697265625 0.134765625 0.060546875