0 0.0390625 0.4267578125 0.078125 0.130859375
0 0.2744140625 0.5634765625 0.2109375 0.205078125
0 0.5546875 0.6494140625 0.1552734375 0.15625
0 0.8154296875 0.76953125 0.12890625 0.1279296875
0 0.38671875 0.86328125 0.1904296875 0.193359375
0 0.59765625 0.8759765625 0.1328125 0.126953125
0 0.2158203125 0.9384765625 0.1455078125 0.11328125
0 0.59375 0.4296875 0.1474609375 0.154296875
0 0.6787109375 0.115234375 0.169921875 0.16015625
0 0.841796875 0.333984375 0.1484375 0.158203125
0 0.978515625 0.4775390625 0.04296875 0.1025390625
0 0.9560546875 0.6484375 0.087890625 0.140625
0 0.3154296875 0.283203125 0.1455078125 0.1376953125
0 0.228515625 0.216796875 0.11328125 0.154296875