0 0.4501953125 0.8125 0.185546875 0.1796875
0 0.75390625 0.8544921875 0.1455078125 0.1435546875
0 0.50390625 0.4775390625 0.17578125 0.16796875
0 0.8037109375 0.5537109375 0.1474609375 0.14453125
0 0.6123046875 0.177734375 0.1611328125 0.158203125
0 0.775390625 0.3232421875 0.138671875 0.1298828125
0 0.7138671875 0.2392578125 0.16796875 0.16015625
0 0.431640625 0.3125 0.146484375 0.130859375
0 0.150390625 0.1494140625 0.1435546875 0.126953125
0 0.9130859375 0.1103515625 0.1083984375 0.107421875
0 0.5029296875 0.984375 0.1240234375 0.03125
0 0.41796875 0.208984375 0.150390625 0.140625