0 0.5537109375 0.0908203125 0.2353515625 0.181640625
0 0.953125 0.4404296875 0.09375 0.119140625
0 0.890625 0.779296875 0.169921875 0.15625
0 0.7646484375 0.9521484375 0.171875 0.0947265625
0 0.6123046875 0.7802734375 0.1162109375 0.1005859375
0 0.3876953125 0.6611328125 0.1611328125 0.154296875
0 0.3974609375 0.9248046875 0.154296875 0.1435546875
0 0.21875 0.916015625 0.12890625 0.1123046875
0 0.0146484375 0.896484375 0.029296875 0.125
0 0.275390625 0.4931640625 0.1845703125 0.166015625
0 0.0693359375 0.5439453125 0.138671875 0.146484375
0 0.0341796875 0.3359375 0.068359375 0.09375
0 0.205078125 0.0205078125 0.115234375 0.0400390625