0 0.3125 0.1064453125 0.109375 0.1181640625
0 0.642578125 0.1943359375 0.154296875 0.15234375
0 0.7529296875 0.0341796875 0.1669921875 0.068359375
0 0.9677734375 0.095703125 0.064453125 0.1474609375
0 0.9541015625 0.3125 0.091796875 0.13671875
0 0.75 0.47265625 0.19140625 0.1708984375
0 0.2080078125 0.7158203125 0.1982421875 0.19140625
0 0.4072265625 0.482421875 0.2119140625 0.208984375
0 0.34375 0.373046875 0.1728515625 0.1572265625
0 0.3193359375 0.2646484375 0.1142578125 0.08984375
0 0.66015625 0.982421875 0.091796875 0.0341796875