0 0.0625 0.0322265625 0.12109375 0.064453125
0 0.693359375 0.02734375 0.19921875 0.0517578125
0 0.927734375 0.0439453125 0.14453125 0.0830078125
0 0.7236328125 0.087890625 0.1962890625 0.1669921875
0 0.248046875 0.2607421875 0.2607421875 0.251953125
0 0.1103515625 0.59765625 0.2197265625 0.267578125
0 0.609375 0.3447265625 0.1865234375 0.154296875
0 0.544921875 0.5625 0.2880859375 0.2685546875
0 0.0419921875 0.943359375 0.083984375 0.1083984375
0 0.7685546875 0.9365234375 0.201171875 0.126953125
0 0.970703125 0.8388671875 0.05859375 0.0869140625