0 0.17002972960472107 0.3675743341445923 0.08256030082702637 0.1040494441986084
0 0.20152652263641357 0.19811920821666718 0.07489699125289917 0.08248165249824524
0 0.1500471830368042 0.8959406018257141 0.05757385492324829 0.07588768005371094
0 0.5918262004852295 0.9171891212463379 0.05333757400512695 0.06700873374938965
0 0.710761308670044 0.8257070183753967 0.06100344657897949 0.08092951774597168
0 0.29191702604293823 0.5840089321136475 0.06699693202972412 0.08036947250366211
0 0.4989939332008362 0.9401540756225586 0.06507372856140137 0.11031031608581543
0 0.7704713344573975 0.3034153878688812 0.06005120277404785 0.0817103385925293
0 0.37623029947280884 0.09052978456020355 0.05177915096282959 0.06952640414237976
0 0.0679798349738121 0.5224069356918335 0.05873994529247284 0.07923796772956848
0 0.38720279932022095 0.33733415603637695 0.06018626689910889 0.09689211845397949
0 0.026752877980470657 0.6525720357894897 0.053505755960941315 0.10870838165283203
0 0.237635999917984 0.7241454720497131 0.06280213594436646 0.061521172523498535
0 0.3929902911186218 0.8362938165664673 0.062374234199523926 0.07412123680114746
0 0.424318790435791 0.7480379939079285 0.0647197961807251 0.0838693380355835
0 0.7913908958435059 0.1373509168624878 0.06790328025817871 0.11159967631101608
0 0.5764815807342529 0.22794219851493835 0.05236506462097168 0.07523739337921143
0 0.17610901594161987 0.10858456790447235 0.04758673906326294 0.060209423303604126
0 0.9655177593231201 0.2616041600704193 0.06867742538452148 0.08397161960601807
0 0.23485729098320007 0.9689910411834717 0.05369216203689575 0.061147451400756836
0 0.6985299587249756 0.035340793430805206 0.06878829002380371 0.07068158686161041
0 0.6419928073883057 0.11787998676300049 0.048314809799194336 0.07272806763648987
0 0.27439624071121216 0.9705612659454346 0.13563615083694458 0.05822896957397461
0 0.5160701274871826 0.2056276798248291 0.06377193331718445 0.07637012004852295
0 0.11564570665359497 0.5603243112564087 0.052121758460998535 0.07043910026550293
0 0.639782190322876 0.6579723358154297 0.04575753211975098 0.07213878631591797
0 0.7228526473045349 0.3577868342399597 0.049189209938049316 0.06951475143432617
0 0.9498351812362671 0.12599748373031616 0.04609322547912598 0.061751604080200195
0 0.14758142828941345 0.26440030336380005 0.03797748684883118 0.07756124436855316
0 0.5793169736862183 0.599744439125061 0.05800056457519531 0.05942177772521973
0 0.978308916091919 0.8301180601119995 0.03997659683227539 0.059535980224609375
0 0.6150447726249695 0.4863640069961548 0.08701002597808838 0.1104964017868042
0 0.07772856950759888 0.522177517414093 0.08280296623706818 0.0809406042098999
0 0.5446956753730774 0.21832016110420227 0.11461007595062256 0.08832991123199463
0 0.5111687779426575 0.20151489973068237 0.04994010925292969 0.06802743673324585
0 0.5813855528831482 0.7069830894470215 0.049210190773010254 0.07532918453216553
0 0.4798809885978699 0.4029724895954132 0.11395347118377686 0.059187889099121094
0 0.6026580333709717 0.4932570457458496 0.061322689056396484 0.10883569717407227
0 0.9170167446136475 0.03765543922781944 0.04143095016479492 0.05368391424417496
0 0.4926601052284241 0.5336845517158508 0.06251037120819092 0.05631458759307861
0 0.7972672581672668 0.9221562147140503 0.05029714107513428 0.046207427978515625
0 0.4513036012649536 0.4308115243911743 0.06131887435913086 0.11031031608581543
0 0.08076374232769012 0.12542182207107544 0.03841284289956093 0.0498814657330513
0 0.19362914562225342 0.017816973850131035 0.09661424160003662 0.03557437285780907
0 0.9097497463226318 0.32414644956588745 0.03353595733642578 0.06314361095428467
0 0.9720642566680908 0.5852146148681641 0.052903056144714355 0.0651094913482666
0 0.10516392439603806 0.5542576909065247 0.0803803950548172 0.07776188850402832
0 0.7467358112335205 0.6176867485046387 0.030097007751464844 0.031236648559570312
0 0.9805212020874023 0.7804367542266846 0.03895759582519531 0.18772530555725098
0 0.8953677415847778 0.5864446759223938 0.04859328269958496 0.06900501251220703
