0 0.2872062027454376 0.5560836791992188 0.1549738645553589 0.1833503246307373
0 0.9098337888717651 0.23645368218421936 0.14422035217285156 0.20532196760177612
0 0.7575481534004211 0.23273669183254242 0.13793158531188965 0.18390485644340515
0 0.9696793556213379 0.7476836442947388 0.0602872371673584 0.1206434965133667
0 0.5877842903137207 0.8985363841056824 0.1606898307800293 0.1955052614212036
0 0.06143268942832947 0.20855958759784698 0.12028288841247559 0.18232795596122742
0 0.8289331197738647 0.7679381370544434 0.16388237476348877 0.2142341136932373
0 0.08822359889745712 0.8772313594818115 0.14222420752048492 0.20645427703857422
0 0.8093648552894592 0.4756086468696594 0.14050328731536865 0.17650306224822998
0 0.9557374119758606 0.9614133834838867 0.08852517604827881 0.07531356811523438
0 0.7426956295967102 0.0430314801633358 0.154211163520813 0.0860629603266716
0 0.33228957653045654 0.7931457161903381 0.14818882942199707 0.20511627197265625
0 0.25207558274269104 0.2867465317249298 0.12817472219467163 0.14402228593826294
0 0.11589144170284271 0.5431923270225525 0.14742052555084229 0.1947193145751953
0 0.6575627326965332 0.5725261569023132 0.14064836502075195 0.18602502346038818
0 0.4984530210494995 0.6123553514480591 0.14424645900726318 0.2060098648071289
0 0.31260597705841064 0.0979674756526947 0.14845393598079681 0.17691028118133545
0 0.34605008363723755 0.4074758291244507 0.08738899230957031 0.09584474563598633
0 0.6281962990760803 0.32334354519844055 0.12903928756713867 0.15849626064300537
0 0.22951450943946838 0.03148831054568291 0.16660863161087036 0.06297662109136581
0 0.5588281154632568 0.044010307639837265 0.1257483959197998 0.08802061527967453
0 0.340967059135437 0.4096526503562927 0.09086227416992188 0.1284780502319336
0 0.5560531616210938 0.06375278532505035 0.12439778447151184 0.1275055706501007
0 0.5425599813461304 0.25022122263908386 0.110137939453125 0.1445772647857666
