0 0.048614442348480225 0.825075626373291 0.09389612078666687 0.14065241813659668
0 0.2898143529891968 0.27781516313552856 0.11483180522918701 0.1636018604040146
0 0.12414915859699249 0.4259457588195801 0.10864236950874329 0.1763288974761963
0 0.31560611724853516 0.11619608849287033 0.12296581268310547 0.1637403815984726
0 0.6712484359741211 0.38405942916870117 0.10096144676208496 0.15178894996643066
0 0.869253396987915 0.315963476896286 0.11524629592895508 0.15765893459320068
0 0.8856973648071289 0.4786311388015747 0.11226630210876465 0.15093278884887695
0 0.4054148197174072 0.048723068088293076 0.12146365642547607 0.09744613617658615
0 0.1773996651172638 0.27833908796310425 0.1131475567817688 0.1498153805732727
0 0.5276345014572144 0.7257848381996155 0.10802841186523438 0.14366984367370605
0 0.04905082285404205 0.5582271814346313 0.09265097975730896 0.1374422311782837
0 0.6039412617683411 0.1842269003391266 0.1112971305847168 0.15553659200668335
0 0.8334022760391235 0.7672656774520874 0.12241148948669434 0.17699384689331055
0 0.5792155861854553 0.02654830366373062 0.14312148094177246 0.052662648260593414
0 0.25533589720726013 0.8999309539794922 0.11588305234909058 0.16625189781188965
0 0.35609155893325806 0.9363417625427246 0.11107492446899414 0.12731647491455078
0 0.8146461248397827 0.1755092591047287 0.11983752250671387 0.15854671597480774
0 0.8295419216156006 0.5952572822570801 0.10672879219055176 0.1529064178466797
0 0.7001396417617798 0.015612570568919182 0.1369006633758545 0.031225141137838364
0 0.10618778318166733 0.6839045286178589 0.11321224272251129 0.17329537868499756
0 0.62631756067276 0.7976855039596558 0.11242938041687012 0.15817105770111084
0 0.5936340093612671 0.4778701066970825 0.10020947456359863 0.1380021572113037
0 0.832051157951355 0.041657574474811554 0.14477038383483887 0.08331514894962311
0 0.5449953675270081 0.8895230293273926 0.11067450046539307 0.16257095336914062
0 0.41428351402282715 0.5679476857185364 0.10661596059799194 0.15813851356506348
