0 0.09495353698730469 0.09227211028337479 0.15145248174667358 0.17158953845500946
0 0.7631264328956604 0.3660990595817566 0.12210893630981445 0.1709071397781372
0 0.7923934459686279 0.5576642155647278 0.12595295906066895 0.19314062595367432
0 0.9228693246841431 0.20128509402275085 0.15068817138671875 0.23105579614639282
0 0.7047495245933533 0.1764405220746994 0.1605086326599121 0.21203020215034485
0 0.6100008487701416 0.8858416080474854 0.17942333221435547 0.2283167839050293
0 0.4501718282699585 0.8720946311950684 0.13103508949279785 0.1816997528076172
0 0.37800541520118713 0.6990705728530884 0.1466538906097412 0.2031264305114746
0 0.8817875981330872 0.41728562116622925 0.12503588199615479 0.16678953170776367
0 0.21966494619846344 0.683685302734375 0.1498793661594391 0.18693971633911133
0 0.08179046958684921 0.7338005900382996 0.12365294992923737 0.19797217845916748
0 0.6071658134460449 0.5151177048683167 0.12855207920074463 0.17367398738861084
0 0.7545424699783325 0.812635064125061 0.12448608875274658 0.18326830863952637
0 0.24170950055122375 0.41524267196655273 0.12712997198104858 0.18726634979248047
0 0.8846874237060547 0.8366109132766724 0.12774276733398438 0.22388029098510742
0 0.5379188656806946 0.6981273293495178 0.1513838768005371 0.22224462032318115
0 0.15246525406837463 0.5614264011383057 0.1316336989402771 0.16358351707458496
0 0.9215590953826904 0.605014979839325 0.15185284614562988 0.19059991836547852
0 0.3633479177951813 0.13215993344783783 0.13450485467910767 0.21216845512390137
0 0.42670363187789917 0.3065837323665619 0.11164116859436035 0.15394121408462524
0 0.6815319061279297 0.6566616296768188 0.13672327995300293 0.19850802421569824
0 0.36495158076286316 0.48797494173049927 0.15245264768600464 0.2039484977722168
0 0.5882859230041504 0.3128618896007538 0.14310359954833984 0.19468319416046143
0 0.1172652393579483 0.2706490159034729 0.11474469304084778 0.17176437377929688
0 0.5174315571784973 0.12968125939369202 0.1401880979537964 0.1924927532672882
0 0.24420630931854248 0.21149668097496033 0.14239144325256348 0.19762229919433594
0 0.5177002549171448 0.09155413508415222 0.14336156845092773 0.11823752522468567
0 0.9229174256324768 0.15107157826423645 0.14802801609039307 0.12807583808898926
0 0.883350133895874 0.8041101694107056 0.12542200088500977 0.1592881679534912
0 0.36939114332199097 0.4542798101902008 0.14037048816680908 0.13338083028793335
0 0.37778449058532715 0.07020124047994614 0.10246646404266357 0.08930368721485138
0 0.5240997076034546 0.07819688320159912 0.11570560932159424 0.09496462345123291
0 0.44748398661613464 0.8280013799667358 0.12103134393692017 0.09186840057373047
