0 0.8127251863479614 0.29137927293777466 0.10895586013793945 0.1374192237854004
0 0.5822317600250244 0.6028136014938354 0.09276843070983887 0.1411151885986328
0 0.674643874168396 0.6972907185554504 0.10249626636505127 0.18846023082733154
0 0.66872239112854 0.4768170118331909 0.10582113265991211 0.14064836502075195
0 0.1711542010307312 0.5414667725563049 0.08207327127456665 0.1440523862838745
0 0.19777704775333405 0.8077152371406555 0.08432379364967346 0.12743830680847168
0 0.7369784116744995 0.38957443833351135 0.07612323760986328 0.1391041874885559
0 0.7455581426620483 0.5793077349662781 0.10340642929077148 0.1752786636352539
0 0.5027248859405518 0.700439453125 0.09893873333930969 0.13985610008239746
0 0.8213837146759033 0.4640823006629944 0.08945870399475098 0.1687018871307373
0 0.5775463581085205 0.8337510824203491 0.10749220848083496 0.07306468486785889
