0 0.9122234582901001 0.2310800850391388 0.1755530834197998 0.3021804094314575
0 0.09633544087409973 0.7268124222755432 0.19215229153633118 0.29866838455200195
0 0.6701614856719971 0.32174912095069885 0.2573692798614502 0.2622893452644348
0 0.4623028635978699 0.14732515811920166 0.295737624168396 0.2891373038291931
0 0.7356097102165222 0.10066862404346466 0.2767195701599121 0.19958564639091492
0 0.4283207356929779 0.4247385263442993 0.2709572911262512 0.26139283180236816
0 0.15564897656440735 0.4667174220085144 0.274044930934906 0.2705501317977905
0 0.32643502950668335 0.6830422878265381 0.2727518081665039 0.2804219722747803
0 0.8635804653167725 0.5092340111732483 0.2728390693664551 0.2958434820175171
0 0.7914641499519348 0.8569152355194092 0.30501413345336914 0.2768869400024414
0 0.6085522770881653 0.6344842910766602 0.2927802801132202 0.2897997200489044
0 0.15235505998134613 0.12596185505390167 0.2823998034000397 0.24946632981300354
0 0.062310460954904556 0.30275416374206543 0.12462092190980911 0.29415225982666016
0 0.5081843733787537 0.8203189373016357 0.2597341537475586 0.12880969047546387
0 0.9670003652572632 0.7623097896575928 0.0643167495727539 0.23857545852661133
0 0.9159671664237976 0.9466733336448669 0.16806566715240479 0.10650193691253662
0 0.2407812476158142 0.8481996059417725 0.1905738115310669 0.05489397048950195
0 0.5087308287620544 0.8703848123550415 0.2535902261734009 0.2219088077545166
0 0.0340145044028759 0.9318643808364868 0.0680290088057518 0.12643170356750488
0 0.14684614539146423 0.8901175856590271 0.10536140203475952 0.10239756107330322
