0 0.5882768630981445 0.6037259101867676 0.13214325904846191 0.14061415195465088
0 0.7365518808364868 0.4871508479118347 0.1284276247024536 0.14339721202850342
0 0.19944992661476135 0.6336620450019836 0.14285242557525635 0.15728330612182617
0 0.07661551237106323 0.7049118280410767 0.15274161100387573 0.15503597259521484
0 0.5092263221740723 0.7203474044799805 0.1395505666732788 0.14118003845214844
0 0.6633108854293823 0.07172483205795288 0.19084548950195312 0.142497718334198
0 0.31990647315979004 0.5112855434417725 0.14630210399627686 0.1615023910999298
0 0.622214674949646 0.9331346750259399 0.1468641757965088 0.13324689865112305
0 0.23325595259666443 0.09370224177837372 0.1385554075241089 0.1488950550556183
0 0.8657451868057251 0.36105629801750183 0.1509687900543213 0.17292946577072144
0 0.5005089640617371 0.05500626936554909 0.14547264575958252 0.11001253873109818
0 0.056006111204624176 0.47638994455337524 0.11156286299228668 0.16615521907806396
0 0.45172613859176636 0.579348087310791 0.1356450319290161 0.17037749290466309
0 0.09720991551876068 0.3370169401168823 0.1547011435031891 0.1636195182800293
0 0.11284155398607254 0.05174025893211365 0.1504553109407425 0.1034805178642273
0 0.9242362976074219 0.20849433541297913 0.14542841911315918 0.15930283069610596
0 0.9473507404327393 0.6828488111495972 0.10518753528594971 0.16524171829223633
0 0.3378249406814575 0.6800984144210815 0.15569162368774414 0.17302703857421875
0 0.8269280791282654 0.06635288149118423 0.14722180366516113 0.12878702580928802
0 0.4942933917045593 0.8709630966186523 0.1420499086380005 0.15754210948944092
0 0.8551825284957886 0.8795963525772095 0.1455519199371338 0.16382718086242676
0 0.2480415403842926 0.2494429498910904 0.1253986358642578 0.15402129292488098
0 0.1825629621744156 0.47559916973114014 0.13994291424751282 0.15172922611236572
0 0.8452422618865967 0.5877138376235962 0.1313108205795288 0.09804439544677734
0 0.06533678621053696 0.17145544290542603 0.1279626339673996 0.16350078582763672
0 0.8839596509933472 0.5185897946357727 0.15472817420959473 0.12634563446044922
0 0.9376387000083923 0.06922505050897598 0.12472259998321533 0.13565067946910858
0 0.9701075553894043 0.3622955083847046 0.059273481369018555 0.17500412464141846
0 0.8486912250518799 0.5495845675468445 0.13269352912902832 0.1790066957473755
0 0.9622126221656799 0.8347570896148682 0.07470571994781494 0.21072888374328613
0 0.8331098556518555 0.9570460319519043 0.32189059257507324 0.0859079360961914
0 0.9220301508903503 0.9584070444107056 0.14118456840515137 0.08301472663879395
0 0.8161325454711914 0.9814375042915344 0.16968083381652832 0.03649187088012695
0 0.8772820830345154 0.752318263053894 0.13589179515838623 0.1258225440979004
0 0.1194404661655426 0.29244914650917053 0.10153800249099731 0.0784030556678772
0 0.8513293266296387 0.981681227684021 0.2780935764312744 0.035845279693603516
