0 0.639546275138855 0.7381376028060913 0.09519052505493164 0.09447407722473145
0 0.27083003520965576 0.15054389834403992 0.08724915981292725 0.08773240447044373
0 0.8713434934616089 0.8450344800949097 0.10643243789672852 0.08447182178497314
0 0.6279222369194031 0.38804006576538086 0.10068905353546143 0.1091315746307373
0 0.15757715702056885 0.6521902084350586 0.08648044615983963 0.08707308769226074
0 0.41923612356185913 0.6985158920288086 0.08015763759613037 0.08804154396057129
0 0.2359151393175125 0.5374174118041992 0.07033666968345642 0.06893181800842285
0 0.5639256834983826 0.46887093782424927 0.07404530048370361 0.07516050338745117
0 0.09262725710868835 0.32189446687698364 0.06692811846733093 0.07666301727294922
0 0.6460781097412109 0.5976440906524658 0.08252060413360596 0.07863152027130127
0 0.28634902834892273 0.6966848373413086 0.07048022747039795 0.07748711109161377
0 0.7522287964820862 0.4529860019683838 0.06748306751251221 0.057604074478149414
0 0.873778223991394 0.7518647909164429 0.06806468963623047 0.058954715728759766
0 0.9160341620445251 0.24696891009807587 0.06980407238006592 0.07119050621986389
0 0.5458687543869019 0.659727931022644 0.06184840202331543 0.06313252449035645
