0 0.10491257905960083 0.45156827569007874 0.20982515811920166 0.3090466856956482
0 0.913737952709198 0.8211053013801575 0.172524094581604 0.34804975986480713
0 0.5053163766860962 0.18894411623477936 0.11689493060112 0.07948154211044312
0 0.5608373284339905 0.6291426420211792 0.17531156539916992 0.22745561599731445
0 0.7598888278007507 0.2163681983947754 0.11817193031311035 0.09909147024154663
0 0.07947328686714172 0.1497570425271988 0.15894657373428345 0.2975669801235199
0 0.9101316928863525 0.8712477684020996 0.17948341369628906 0.2224973440170288
0 0.5561526417732239 0.5791769027709961 0.18226730823516846 0.1334850788116455
0 0.3073275089263916 0.9206050634384155 0.4189937114715576 0.15403056144714355
0 0.7319943904876709 0.9726546406745911 0.21164631843566895 0.05379199981689453
0 0.48499777913093567 0.5403591990470886 0.10656172037124634 0.11602127552032471
0 0.7606530785560608 0.44193923473358154 0.11336398124694824 0.0839853286743164
0 0.9505497217178345 0.5991226434707642 0.09818339347839355 0.2624317407608032
0 0.5771762728691101 0.5762509703636169 0.1367863416671753 0.12128674983978271
0 0.9565844535827637 0.645740807056427 0.08603167533874512 0.35742199420928955
0 0.3947908878326416 0.4610981345176697 0.14719533920288086 0.15164732933044434
