0 0.2639310657978058 0.41250675916671753 0.08029133081436157 0.10135400295257568
0 0.6557209491729736 0.1968872994184494 0.10789895057678223 0.14423856139183044
0 0.5026205778121948 0.7240762710571289 0.11082112789154053 0.1488490104675293
0 0.8056215047836304 0.7666893005371094 0.08900094032287598 0.1415863037109375
0 0.949543833732605 0.5734773874282837 0.0935211181640625 0.14081013202667236
0 0.14812441170215607 0.3526070713996887 0.08977213501930237 0.1250622272491455
0 0.7425552606582642 0.6395770907402039 0.0875091552734375 0.14090871810913086
0 0.8678932189941406 0.637884795665741 0.09078121185302734 0.150199294090271
0 0.5666505098342896 0.30669474601745605 0.10285353660583496 0.1797180026769638
0 0.6012250185012817 0.841299831867218 0.09430360794067383 0.1637183427810669
0 0.3504701256752014 0.33300232887268066 0.09918713569641113 0.16269856691360474
0 0.432370662689209 0.24303896725177765 0.0858457088470459 0.13902881741523743
0 0.6931837797164917 0.3526057004928589 0.08445930480957031 0.11918550729751587
0 0.06126822158694267 0.2486540973186493 0.09959044307470322 0.15152782201766968
0 0.5004444122314453 0.1912366896867752 0.06800448894500732 0.11267906427383423
0 0.5324364900588989 0.4756603538990021 0.07997429370880127 0.1485612988471985
0 0.6364094614982605 0.6731926202774048 0.09853851795196533 0.15156841278076172
0 0.7179527282714844 0.8100553154945374 0.12355375289916992 0.14074373245239258
0 0.19210141897201538 0.4859244227409363 0.11255961656570435 0.11157608032226562
0 0.4698472321033478 0.3739898204803467 0.08100563287734985 0.10731720924377441
0 0.43300747871398926 0.5135262608528137 0.08137369155883789 0.13543426990509033
0 0.497795045375824 0.8850141763687134 0.07799351215362549 0.12712550163269043
0 0.35521289706230164 0.6067959070205688 0.08964282274246216 0.13204479217529297
0 0.3583762049674988 0.5941931009292603 0.07714378833770752 0.1018989086151123
0 0.2708945870399475 0.5444733500480652 0.06431351602077484 0.11156237125396729
0 0.19096380472183228 0.48509010672569275 0.08613526821136475 0.09681051969528198
0 0.6635575294494629 0.5016188025474548 0.10171747207641602 0.1664193868637085
