0 0.8916458487510681 0.7874326705932617 0.18682122230529785 0.21784710884094238
0 0.7343335747718811 0.8944464921951294 0.1941753625869751 0.2111070156097412
0 0.10275088250637054 0.4580659866333008 0.19757291674613953 0.2169342041015625
0 0.8414325714111328 0.14323389530181885 0.21021294593811035 0.23159193992614746
0 0.8027157783508301 0.3639858365058899 0.21082139015197754 0.22168147563934326
0 0.6632514595985413 0.6980270147323608 0.20279741287231445 0.21732378005981445
0 0.6281213760375977 0.48058879375457764 0.20937848091125488 0.22552287578582764
0 0.04999878630042076 0.09176334738731384 0.09999757260084152 0.18352669477462769
0 0.8285285234451294 0.5754647254943848 0.2018040418624878 0.2179105281829834
0 0.9612809419631958 0.6380825042724609 0.07718777656555176 0.22602415084838867
0 0.27161693572998047 0.3455517888069153 0.19700658321380615 0.23264944553375244
0 0.45502617955207825 0.25236037373542786 0.19407778978347778 0.2260926365852356
0 0.027072595432400703 0.30154865980148315 0.05414519086480141 0.30151796340942383
0 0.650505006313324 0.2218274176120758 0.20128953456878662 0.22970044612884521
0 0.28029724955558777 0.7923538684844971 0.2111261487007141 0.21173882484436035
0 0.09898726642131805 0.6877989768981934 0.1979745328426361 0.22455787658691406
0 0.5293269753456116 0.8859261274337769 0.2099757194519043 0.22642230987548828
0 0.09612975269556046 0.8733460307121277 0.18646962940692902 0.14218473434448242
0 0.4105922281742096 0.5311185717582703 0.17053723335266113 0.10711145401000977
0 0.4558796286582947 0.2102474868297577 0.19339215755462646 0.14196425676345825
0 0.4037224352359772 0.6069919466972351 0.19847315549850464 0.20571792125701904
0 0.9324181079864502 0.9360367059707642 0.13387560844421387 0.12734651565551758
0 0.4209953546524048 0.5200706720352173 0.13696503639221191 0.08925625681877136
0 0.25915807485580444 0.5304263830184937 0.15058733522891998 0.12950989603996277
0 0.43018484115600586 0.4455958604812622 0.1866300106048584 0.15196430683135986
0 0.40686413645744324 0.6349250078201294 0.19182974100112915 0.14754986763000488
0 0.2557787597179413 0.5738857388496399 0.15330100059509277 0.2186039686203003
0 0.27323681116104126 0.31055381894111633 0.1947190910577774 0.16262727975845337
0 0.4254305958747864 0.4689704179763794 0.16982972621917725 0.20278120040893555
