0 0.5809689164161682 0.57652348279953 0.11832821369171143 0.11536061763763428
0 0.44935473799705505 0.6400813460350037 0.14910823106765747 0.1439288854598999
0 0.19259971380233765 0.13619104027748108 0.1622481346130371 0.15674877166748047
0 0.7452731132507324 0.9128428101539612 0.27116143703460693 0.17286264896392822
0 0.4223354756832123 0.8436375856399536 0.15930992364883423 0.1421046257019043
0 0.5927194952964783 0.17806169390678406 0.3264632225036621 0.30894505977630615
0 0.25946295261383057 0.39242660999298096 0.3563547134399414 0.33702850341796875
0 0.5611633062362671 0.2146448791027069 0.3556666672229767 0.3746265172958374
0 0.24254736304283142 0.01646212860941887 0.1641557216644287 0.03276854008436203
0 0.30117887258529663 0.1972505748271942 0.08570528030395508 0.059614598751068115
0 0.2182355672121048 0.6889463067054749 0.11853209137916565 0.11001789569854736
