0 0.3948724865913391 0.17934410274028778 0.17561614513397217 0.2979329526424408
0 0.06166967377066612 0.7758393883705139 0.12258093804121017 0.24417221546173096
0 0.26751577854156494 0.7818564772605896 0.12117983400821686 0.2008345127105713
0 0.051491014659404755 0.2662108540534973 0.10265317559242249 0.2989438772201538
0 0.3447059988975525 0.5509616732597351 0.1493632197380066 0.28814852237701416
0 0.6481286287307739 0.30632567405700684 0.12656664848327637 0.242722749710083
0 0.49503248929977417 0.48071083426475525 0.15200841426849365 0.28053826093673706
0 0.2582662105560303 0.3307778239250183 0.16800068318843842 0.2817639708518982
0 0.921114981174469 0.8141584396362305 0.1566317081451416 0.3170931339263916
0 0.08599920570850372 0.5080041885375977 0.17199841141700745 0.2873554527759552
0 0.15722982585430145 0.6917667388916016 0.1320875585079193 0.1639852523803711
0 0.7100778818130493 0.4694216847419739 0.13819313049316406 0.13469135761260986
0 0.6480317115783691 0.26989734172821045 0.12642168998718262 0.1689523309469223
0 0.3420049846172333 0.48471927642822266 0.14428532123565674 0.1586376428604126
0 0.3062654137611389 0.04574167728424072 0.08797287940979004 0.07198584079742432
0 0.8237884640693665 0.7609899044036865 0.1101980209350586 0.17957854270935059
0 0.21892330050468445 0.49131807684898376 0.10178083181381226 0.0990096926689148
0 0.08083388954401016 0.06565667688846588 0.16008619964122772 0.12851718068122864
0 0.22688713669776917 0.9682430028915405 0.18384402990341187 0.0627903938293457
0 0.3912840485572815 0.3770347237586975 0.13061070442199707 0.12796318531036377
0 0.4716786742210388 0.719295859336853 0.18064367771148682 0.2335888147354126
0 0.022503765299916267 0.6355587244033813 0.045007530599832535 0.13350844383239746
