0 0.4228382706642151 0.07478183507919312 0.11233186721801758 0.13864684104919434
0 0.556982159614563 0.44597235321998596 0.1182403564453125 0.1488400101661682
0 0.5156515836715698 0.7822118997573853 0.1429419219493866 0.1594562530517578
0 0.6226423978805542 0.2984052300453186 0.14550375938415527 0.19392035901546478
0 0.6151648163795471 0.6718178987503052 0.08783078193664551 0.11217284202575684
0 0.43501344323158264 0.6337615251541138 0.13083535432815552 0.15084481239318848
0 0.45059192180633545 0.4741664528846741 0.11062312126159668 0.1320134401321411
0 0.36626046895980835 0.3717920780181885 0.1160515546798706 0.14075517654418945
0 0.24756202101707458 0.20235371589660645 0.13885915279388428 0.1715295910835266
0 0.20233304798603058 0.7171281576156616 0.0777902603149414 0.10087752342224121
0 0.26961785554885864 0.7779601812362671 0.11119908094406128 0.11072361469268799
0 0.17511442303657532 0.3414328098297119 0.10591664910316467 0.12339532375335693
0 0.1473914384841919 0.10262639075517654 0.10243874043226242 0.1565927118062973
0 0.3690977096557617 0.5369778871536255 0.09472614526748657 0.09787356853485107
0 0.13556347787380219 0.9767978191375732 0.27112695574760437 0.04600024223327637
