0 0.8448742628097534 0.07963207364082336 0.12139010429382324 0.11803632974624634
0 0.42790716886520386 0.7974516153335571 0.10721325874328613 0.12416434288024902
0 0.18458186089992523 0.6094602942466736 0.11999639868736267 0.1225506067276001
0 0.4202326238155365 0.16889043152332306 0.13827306032180786 0.12135615944862366
0 0.14361728727817535 0.4207126498222351 0.12920215725898743 0.1160048246383667
0 0.14212052524089813 0.7363927364349365 0.12047410011291504 0.12667608261108398
0 0.21854627132415771 0.86211097240448 0.12929165363311768 0.1174015998840332
0 0.3621267080307007 0.9043501019477844 0.10450112819671631 0.11007654666900635
0 0.4363402724266052 0.4433872103691101 0.12100112438201904 0.12683403491973877
0 0.7087825536727905 0.11310145258903503 0.12411284446716309 0.12255746126174927
0 0.11945053189992905 0.08763737976551056 0.13090844452381134 0.13371959328651428
0 0.8685989379882812 0.7397213578224182 0.13358283042907715 0.13110136985778809
0 0.28693830966949463 0.7208685874938965 0.12790101766586304 0.12771821022033691
0 0.950544536113739 0.2660903334617615 0.09891092777252197 0.13647717237472534
0 0.13784760236740112 0.24045012891292572 0.125971257686615 0.13191774487495422
0 0.84485924243927 0.3522879183292389 0.10825347900390625 0.11174708604812622
0 0.3332183361053467 0.5676835775375366 0.12800753116607666 0.13287043571472168
0 0.5864455103874207 0.8199985027313232 0.12262547016143799 0.11583495140075684
0 0.5057030916213989 0.9059642553329468 0.11363700032234192 0.12504339218139648
0 0.40810495615005493 0.30566486716270447 0.12117254734039307 0.12988179922103882
0 0.7269223928451538 0.7437781095504761 0.12181282043457031 0.12411785125732422
0 0.06897484511137009 0.5372022986412048 0.11870281398296356 0.11566555500030518
0 0.7163903713226318 0.3765251636505127 0.1125941276550293 0.1314781904220581
0 0.25574827194213867 0.06386280059814453 0.12106488645076752 0.11877353489398956
0 0.678130030632019 0.24232974648475647 0.12335491180419922 0.12027031183242798
0 0.5600388050079346 0.30349501967430115 0.12363526225090027 0.13057303428649902
0 0.9009850025177002 0.6016076803207397 0.12270879745483398 0.13473272323608398
0 0.7698154449462891 0.8754671812057495 0.13739895820617676 0.11395859718322754
0 0.7308475971221924 0.5287482142448425 0.1171027421951294 0.1283348798751831
0 0.8458664417266846 0.4774264097213745 0.10760986804962158 0.10599136352539062
0 0.5946167707443237 0.4339650273323059 0.12068283557891846 0.12213671207427979
0 0.8211141228675842 0.21188072860240936 0.12185299396514893 0.13156691193580627
0 0.049854032695293427 0.3303792476654053 0.09957645833492279 0.12211549282073975
0 0.29050737619400024 0.4369605481624603 0.12082087993621826 0.11936432123184204
0 0.27109479904174805 0.1898566484451294 0.12970151007175446 0.11055153608322144
0 0.6525126695632935 0.9405590891838074 0.11770939826965332 0.11888182163238525
0 0.03045988455414772 0.6773843765258789 0.06091976910829544 0.16935431957244873
0 0.26112180948257446 0.31326040625572205 0.11767663061618805 0.11168855428695679
0 0.9559328556060791 0.12613645195960999 0.0881342887878418 0.12572228908538818
0 0.9641622304916382 0.78825443983078 0.07167553901672363 0.1160968542098999
0 0.7899285554885864 0.9742789268493652 0.14432501792907715 0.05072283744812012
0 0.019260739907622337 0.039344534277915955 0.038521479815244675 0.07868906855583191
0 0.013996330089867115 0.45170730352401733 0.02645336277782917 0.1324518918991089
