0 0.35355067253112793 0.0537654384970665 0.1113591194152832 0.08645834028720856
0 0.7875614166259766 0.2340039610862732 0.16024541854858398 0.17804062366485596
0 0.17718768119812012 0.9077510833740234 0.16178297996520996 0.1132669448852539
0 0.19975586235523224 0.5404897928237915 0.17460086941719055 0.22254860401153564
0 0.21200917661190033 0.08129818737506866 0.15622493624687195 0.15993821620941162
0 0.050685204565525055 0.9186647534370422 0.09680549800395966 0.09918391704559326
0 0.5739603638648987 0.16574692726135254 0.10865902900695801 0.11462551355361938
0 0.27798956632614136 0.20028626918792725 0.1324840933084488 0.1259908676147461
0 0.6307587623596191 0.8710501194000244 0.15708565711975098 0.1439063549041748
0 0.38667237758636475 0.1311444342136383 0.11149442195892334 0.08102703094482422
0 0.7198517322540283 0.046264369040727615 0.1813877820968628 0.09248443692922592
0 0.44934019446372986 0.8402130007743835 0.10012537240982056 0.13212108612060547
0 0.8503537178039551 0.5870851278305054 0.12765741348266602 0.17653700709342957
0 0.44563621282577515 0.48679524660110474 0.06936925649642944 0.09206151962280273
0 0.571014940738678 0.192277193069458 0.12265372276306152 0.16561990976333618
0 0.7312706112861633 0.04118819907307625 0.1314162015914917 0.08044024556875229
0 0.44764161109924316 0.5010405778884888 0.07992792129516602 0.14803576469421387
0 0.43657535314559937 0.8660123944282532 0.05824637413024902 0.07829558849334717
