0 0.9449671506881714 0.47562551498413086 0.09098124504089355 0.08873462677001953
0 0.17485257983207703 0.13165874779224396 0.09138846397399902 0.0899021327495575
0 0.13029056787490845 0.9452823996543884 0.08849078416824341 0.0928351879119873
0 0.9464223980903625 0.09604188054800034 0.09445452690124512 0.08579890429973602
0 0.8720184564590454 0.695020318031311 0.07700967788696289 0.08536243438720703
0 0.7378932237625122 0.6932432651519775 0.08861494064331055 0.08922731876373291
0 0.09572106599807739 0.5055504441261292 0.09649232029914856 0.08992362022399902
0 0.6073335409164429 0.6777869462966919 0.08322548866271973 0.08998727798461914
0 0.6506971120834351 0.6031121015548706 0.09363722801208496 0.08652615547180176
0 0.8338052034378052 0.36088913679122925 0.08779716491699219 0.08553171157836914
0 0.5943995714187622 0.3140977621078491 0.09982156753540039 0.09919118881225586
0 0.18783144652843475 0.7229447364807129 0.1002098023891449 0.0987253189086914
0 0.664236307144165 0.9354249238967896 0.0873725414276123 0.09393250942230225
0 0.34305936098098755 0.58571857213974 0.09785890579223633 0.0918053388595581
0 0.93454909324646 0.1790008842945099 0.08926630020141602 0.08699566125869751
0 0.352822482585907 0.8787555694580078 0.08360922336578369 0.08605456352233887
0 0.7132530212402344 0.03554416447877884 0.08969926834106445 0.07108832895755768
0 0.5885165929794312 0.543461799621582 0.08460831642150879 0.09764504432678223
0 0.2898372709751129 0.9336500763893127 0.09504544734954834 0.09391093254089355
0 0.05430220067501068 0.5767245888710022 0.08569961786270142 0.08873236179351807
0 0.6480751037597656 0.8520128726959229 0.08545160293579102 0.08289289474487305
0 0.47753939032554626 0.5183876156806946 0.0870409607887268 0.08303189277648926
0 0.42900848388671875 0.4565625786781311 0.0877530574798584 0.09405076503753662
0 0.3656400442123413 0.5021548867225647 0.07990777492523193 0.07890188694000244
0 0.5283681154251099 0.0346606969833374 0.08933588862419128 0.0693213939666748
0 0.029983283951878548 0.7166268825531006 0.059966567903757095 0.08008241653442383
0 0.9540988206863403 0.6852031946182251 0.0854271650314331 0.08359694480895996
0 0.9633768200874329 0.6033873558044434 0.06868529319763184 0.07997667789459229
0 0.09077423810958862 0.1228337362408638 0.08068537712097168 0.0883619636297226
0 0.06036784499883652 0.5395081043243408 0.08789245784282684 0.15964224934577942
0 0.6006221771240234 0.9643704891204834 0.11050796508789062 0.07040214538574219
0 0.9433295726776123 0.1366843432188034 0.10341262817382812 0.16599464416503906
0 0.6532142162322998 0.6181911826133728 0.11396503448486328 0.11226212978363037
0 0.9587888717651367 0.64329993724823 0.08115434646606445 0.16135787963867188
0 0.34916210174560547 0.5457069277763367 0.09850990772247314 0.16785860061645508
0 0.38932090997695923 0.4984126091003418 0.12165069580078125 0.08094406127929688
0 0.2998584806919098 0.9263943433761597 0.1146814227104187 0.11482119560241699
0 0.9788258075714111 0.7396725416183472 0.04098200798034668 0.08672952651977539
