0 0.5997133851051331 0.8842443823814392 0.2383493185043335 0.23151123523712158
0 0.9264979362487793 0.7062683701515198 0.14652752876281738 0.29281914234161377
0 0.7502285838127136 0.2451966404914856 0.28137242794036865 0.29701513051986694
0 0.3990936279296875 0.44958072900772095 0.22101116180419922 0.2347182035446167
0 0.740211546421051 0.7195538282394409 0.2218717336654663 0.23022007942199707
0 0.1695842444896698 0.4721013009548187 0.23591822385787964 0.24118465185165405
0 0.9102692604064941 0.0865810289978981 0.17835426330566406 0.1731620579957962
0 0.943799614906311 0.2857971489429474 0.11240077018737793 0.23976433277130127
0 0.3001706302165985 0.6817061901092529 0.25603169202804565 0.25726771354675293
0 0.9522950053215027 0.9278075695037842 0.09540998935699463 0.14313507080078125
