0 0.8219273090362549 0.9474086761474609 0.15241622924804688 0.10518264770507812
0 0.3011269271373749 0.46236297488212585 0.19120866060256958 0.18020027875900269
0 0.6013257503509521 0.273578405380249 0.17882895469665527 0.18838058412075043
0 0.11263203620910645 0.19341616332530975 0.16330239176750183 0.1580679714679718
0 0.6393445730209351 0.7554409503936768 0.17997050285339355 0.1716756820678711
0 0.16664589941501617 0.5758162140846252 0.1768735945224762 0.1745007038116455
0 0.32803410291671753 0.6390023827552795 0.18360930681228638 0.17237746715545654
0 0.5419338345527649 0.4427335858345032 0.17725634574890137 0.176794171333313
0 0.16858360171318054 0.35201895236968994 0.18830198049545288 0.1808626651763916
0 0.6387943029403687 0.5815765261650085 0.17513668537139893 0.17590618133544922
0 0.3944275677204132 0.17040753364562988 0.18656212091445923 0.17996954917907715
0 0.8160173892974854 0.5609503984451294 0.1839122772216797 0.1860513985157013
0 0.4789160490036011 0.5887473225593567 0.1454615592956543 0.14163362979888916
0 0.7171228528022766 0.41568830609321594 0.18683183193206787 0.18178027868270874
0 0.7760274410247803 0.24170543253421783 0.18502020835876465 0.18358471989631653
0 0.45864492654800415 0.7508679032325745 0.18022215366363525 0.1779322624206543
0 0.40108126401901245 0.34424731135368347 0.1747572422027588 0.16437262296676636
0 0.4278121292591095 0.3448007106781006 0.11881273984909058 0.16313457489013672
0 0.3060188293457031 0.28276777267456055 0.16482961177825928 0.15712736546993256
