0 0.671610951423645 0.6740567684173584 0.21887898445129395 0.290834903717041
0 0.2961391806602478 0.45529866218566895 0.22250975668430328 0.30861008167266846
0 0.164564311504364 0.11759162694215775 0.2205682396888733 0.2351832538843155
0 0.6444390416145325 0.15037229657173157 0.25254905223846436 0.2988749146461487
0 0.7772483229637146 0.40068167448043823 0.23900353908538818 0.34397900104522705
0 0.8820250034332275 0.13506634533405304 0.23594999313354492 0.2672536075115204
0 0.03517153859138489 0.6971923112869263 0.07034307718276978 0.3818087577819824
0 0.42815881967544556 0.7192009091377258 0.2827364206314087 0.3021153211593628
0 0.53546541929245 0.9224116206169128 0.21702682971954346 0.1547936201095581
0 0.5239854454994202 0.44030362367630005 0.2328658103942871 0.3148684501647949
0 0.29980605840682983 0.9226019382476807 0.23795086145401 0.15313076972961426
0 0.39581525325775146 0.14902326464653015 0.24309206008911133 0.2970542311668396
0 0.09467796981334686 0.399554967880249 0.18785235285758972 0.369889497756958
0 0.026327408850193024 0.11025598645210266 0.05265481770038605 0.22051197290420532
0 0.08698215335607529 0.9207794666290283 0.17396430671215057 0.15685725212097168
0 0.1771356165409088 0.7304525971412659 0.21832746267318726 0.3787052631378174
0 0.05704259127378464 0.9212000966072083 0.11408518254756927 0.15564954280853271
0 0.08634704351425171 0.3575468063354492 0.17269408702850342 0.2755535840988159
0 0.18112480640411377 0.6803827285766602 0.20635366439819336 0.24539732933044434
0 0.8751876354217529 0.9870458245277405 0.20177125930786133 0.025780677795410156
0 0.8703912496566772 0.9834059476852417 0.21791315078735352 0.0331881046295166
