0 0.08402003347873688 0.7647449374198914 0.16804006695747375 0.25030624866485596
0 0.09377233684062958 0.1837126463651657 0.18754467368125916 0.3073895275592804
0 0.5387111902236938 0.28057795763015747 0.23309040069580078 0.19684074819087982
0 0.3490132987499237 0.8987041711807251 0.22291725873947144 0.19985997676849365
0 0.8949474096298218 0.7787253260612488 0.20856285095214844 0.23509478569030762
0 0.7859374284744263 0.07399478554725647 0.24304485321044922 0.1460854411125183
0 0.609700620174408 0.09665369242429733 0.2370316982269287 0.19209305942058563
0 0.9692015051841736 0.1961323469877243 0.06159698963165283 0.23431017994880676
0 0.5433297157287598 0.09852461516857147 0.37799951434135437 0.19473281502723694
0 0.5034696459770203 0.9719226956367493 0.22700953483581543 0.05576217174530029
