0 0.6751441955566406 0.6118910312652588 0.07928872108459473 0.15371918678283691
0 0.5838209390640259 0.2934408187866211 0.08961224555969238 0.12564390897750854
0 0.3439677357673645 0.8356529474258423 0.16456246376037598 0.1708054542541504
0 0.3686524033546448 0.8351641893386841 0.11502623558044434 0.16761326789855957
0 0.5947408676147461 0.9196486473083496 0.1064155101776123 0.14754915237426758
0 0.3333891034126282 0.5286436080932617 0.07263576984405518 0.12587067484855652
0 0.11382918059825897 0.3717433214187622 0.22629296779632568 0.24972893297672272
0 0.04506565257906914 0.17009848356246948 0.09013130515813828 0.25786781311035156
0 0.32284390926361084 0.527062177658081 0.09399628639221191 0.13965347409248352
0 0.1015760600566864 0.845941960811615 0.2031521201133728 0.30811607837677
0 0.10884828865528107 0.42711228132247925 0.21746855974197388 0.37261247634887695
0 0.7747125029563904 0.7956104874610901 0.08632218837738037 0.17765164375305176
0 0.39422059059143066 0.155695840716362 0.10178399085998535 0.13209933042526245
0 0.8835934400558472 0.29649946093559265 0.2314702272415161 0.37165606021881104
0 0.7540625333786011 0.07691498100757599 0.3340740203857422 0.1535080075263977
