0 0.6727451086044312 0.830376386642456 0.358688622713089 0.3392472267150879
0 0.7578299045562744 0.22293159365653992 0.349567174911499 0.3682381510734558
0 0.9268438220024109 0.8426026701927185 0.145920991897583 0.314794659614563
0 0.9034700989723206 0.5665305852890015 0.1930598020553589 0.2719264030456543
0 0.06315664947032928 0.4716595411300659 0.1262775957584381 0.3253074884414673
0 0.5280221700668335 0.07020524144172668 0.3432627022266388 0.13575705885887146
0 0.05187007039785385 0.8386335372924805 0.1037401407957077 0.17424917221069336
0 0.0967210978269577 0.20601150393486023 0.1934421956539154 0.2633628249168396
0 0.16576550900936127 0.04639711603522301 0.27251699566841125 0.09182017296552658
0 0.8473256826400757 0.03644604980945587 0.2989591360092163 0.07265579700469971
0 0.26818975806236267 0.8082902431488037 0.3221014738082886 0.1942507028579712
0 0.3731132447719574 0.3927154839038849 0.49402815103530884 0.48534101247787476
0 0.10923732817173004 0.6742786169052124 0.21317103505134583 0.24340343475341797
