0 0.6330007910728455 0.4422113597393036 0.08341526985168457 0.08887416124343872
0 0.569907009601593 0.6139205694198608 0.07268846035003662 0.08341526985168457
0 0.7117738723754883 0.07140008360147476 0.08404684066772461 0.08419229090213776
0 0.24471566081047058 0.5755450129508972 0.08917975425720215 0.09872686862945557
0 0.39220529794692993 0.6437726020812988 0.08260202407836914 0.08223247528076172
0 0.30838194489479065 0.8354403972625732 0.08695244789123535 0.09064841270446777
0 0.3589138984680176 0.26050934195518494 0.0844658613204956 0.08132731914520264
0 0.6707901358604431 0.2831328213214874 0.08727705478668213 0.09061461687088013
0 0.661837637424469 0.6472700238227844 0.0797126293182373 0.0857166051864624
0 0.7924144268035889 0.35369473695755005 0.07689261436462402 0.08396774530410767
0 0.2800598740577698 0.43755191564559937 0.07403205335140228 0.08050799369812012
0 0.44439515471458435 0.2303691953420639 0.07755523920059204 0.09151342511177063
0 0.17825213074684143 0.3289893567562103 0.07892006635665894 0.08045321702957153
0 0.46358418464660645 0.4017338156700134 0.07212018966674805 0.07484692335128784
0 0.8516863584518433 0.6147251129150391 0.0666511058807373 0.07393097877502441
0 0.2089775949716568 0.7371693849563599 0.09040740132331848 0.09168171882629395
0 0.10128752142190933 0.8597800731658936 0.0684930831193924 0.06154608726501465
0 0.4949551224708557 0.7997421026229858 0.0743488073348999 0.0795133113861084
0 0.816034197807312 0.20968520641326904 0.05957674980163574 0.07169705629348755
0 0.7323592305183411 0.54512619972229 0.08176672458648682 0.08266711235046387
0 0.08607260137796402 0.43077921867370605 0.07865162193775177 0.08331918716430664
0 0.031488850712776184 0.6008812785148621 0.06067498028278351 0.06835877895355225
0 0.9236146211624146 0.4213552176952362 0.07740116119384766 0.07727080583572388
0 0.38217198848724365 0.40937456488609314 0.0705711841583252 0.06936907768249512
0 0.4343109726905823 0.547920823097229 0.08374464511871338 0.08672189712524414
0 0.6424742937088013 0.8765110969543457 0.07354021072387695 0.06942200660705566
0 0.7396484613418579 0.6763308048248291 0.08079540729522705 0.08716082572937012
0 0.38539138436317444 0.7159658074378967 0.07558000087738037 0.07472944259643555
0 0.5448578596115112 0.21181993186473846 0.07410001754760742 0.06104597449302673
0 0.18894433975219727 0.6560760736465454 0.061778128147125244 0.07796025276184082
