0 0.5783286690711975 0.26246023178100586 0.13206279277801514 0.12457013130187988
0 0.12422063201665878 0.7967183589935303 0.11046464741230011 0.12016212940216064
0 0.3785526156425476 0.529410719871521 0.1406865119934082 0.1289057731628418
0 0.8865742683410645 0.8412089347839355 0.11513710021972656 0.10306906700134277
0 0.05765163525938988 0.2643906772136688 0.11259085685014725 0.12590521574020386
0 0.8924398422241211 0.6423012018203735 0.13300704956054688 0.12384510040283203
0 0.5164461135864258 0.7373405694961548 0.11480638384819031 0.11392593383789062
0 0.7247496843338013 0.5158005356788635 0.11755180358886719 0.13132238388061523
0 0.8881930708885193 0.446431964635849 0.12232983112335205 0.1182597279548645
0 0.5021071434020996 0.48521870374679565 0.1233687698841095 0.12687087059020996
0 0.6351904273033142 0.892759382724762 0.11989164352416992 0.11637222766876221
0 0.4516041874885559 0.2194279432296753 0.11889350414276123 0.12061768770217896
0 0.7937133312225342 0.27293694019317627 0.11728894710540771 0.10637424886226654
0 0.42839306592941284 0.9450626373291016 0.12116360664367676 0.1067807674407959
0 0.6105921864509583 0.5537373423576355 0.11624610424041748 0.12238144874572754
0 0.07243239134550095 0.1001012921333313 0.12062521278858185 0.11263653635978699
0 0.48444628715515137 0.33649006485939026 0.12301492691040039 0.12111002206802368
0 0.5400122404098511 0.9533536434173584 0.11907124519348145 0.09316372871398926
0 0.2202461212873459 0.7229762077331543 0.12088486552238464 0.1330251693725586
0 0.7590800523757935 0.8419755101203918 0.14218997955322266 0.1464700698852539
0 0.8892755508422852 0.20080651342868805 0.13990187644958496 0.14242437481880188
0 0.4055616855621338 0.8355046510696411 0.10637247562408447 0.12253808975219727
0 0.7906721830368042 0.3868570327758789 0.12160277366638184 0.11197829246520996
0 0.20934902131557465 0.4664212465286255 0.13230493664741516 0.1451479196548462
0 0.2674783766269684 0.060920391231775284 0.11715781688690186 0.12184078246355057
0 0.37973013520240784 0.08558491617441177 0.10685604810714722 0.11000470817089081
0 0.5177984237670898 0.6124595403671265 0.11242556571960449 0.11182117462158203
0 0.4483712911605835 0.046601422131061554 0.17462682723999023 0.09320284426212311
0 0.3931606411933899 0.4148063659667969 0.13003623485565186 0.10559511184692383
0 0.6074587106704712 0.6776806712150574 0.1228330135345459 0.11648058891296387
0 0.5257209539413452 0.8569130897521973 0.13150179386138916 0.12104368209838867
0 0.27325955033302307 0.5793826580047607 0.11032021045684814 0.11678409576416016
0 0.7302082777023315 0.6552993059158325 0.12478446960449219 0.12775802612304688
0 0.791537880897522 0.10167251527309418 0.12310528755187988 0.14083650708198547
0 0.6916120648384094 0.31536832451820374 0.11121976375579834 0.12482213973999023
0 0.9247546195983887 0.3433619439601898 0.13199830055236816 0.1370289921760559
0 0.14893999695777893 0.9273396730422974 0.14052718877792358 0.13640213012695312
0 0.8197864294052124 0.7316632866859436 0.12581467628479004 0.108054518699646
0 0.27426838874816895 0.3202660083770752 0.11539076268672943 0.10972929000854492
0 0.9341268539428711 0.7525327205657959 0.1014629602432251 0.10491931438446045
0 0.12225347757339478 0.3593969941139221 0.11408370733261108 0.12611234188079834
0 0.08958043158054352 0.4822879731655121 0.11054429411888123 0.1331445574760437
0 0.3134029805660248 0.7983212471008301 0.1064077615737915 0.12310624122619629
0 0.14880508184432983 0.6026754379272461 0.14890921115875244 0.15154099464416504
0 0.17871233820915222 0.25830164551734924 0.12544870376586914 0.11468362808227539
0 0.8107389211654663 0.5711039304733276 0.11101746559143066 0.1141519546508789
0 0.040497589856386185 0.615803599357605 0.08099517971277237 0.14072203636169434
0 0.29335516691207886 0.19243523478507996 0.1329476684331894 0.14664512872695923
0 0.883202075958252 0.04939316585659981 0.11612772941589355 0.09878633171319962
0 0.37776583433151245 0.29917192459106445 0.10525810718536377 0.11274577677249908
0 0.2164265662431717 0.8451840877532959 0.10981836915016174 0.10059857368469238
0 0.3016160726547241 0.9166831970214844 0.12119251489639282 0.1185617446899414
0 0.15078091621398926 0.047062359750270844 0.14286452531814575 0.09412471950054169
0 0.23741304874420166 0.9705791473388672 0.11101484298706055 0.058841705322265625
0 0.696548342704773 0.041488468647003174 0.1154029369354248 0.08297693729400635
0 0.03379906713962555 0.3796693682670593 0.0675981342792511 0.14030516147613525
0 0.17606325447559357 0.14738914370536804 0.12345454096794128 0.11049944162368774
0 0.6742806434631348 0.7771010994911194 0.14583420753479004 0.12667346000671387
0 0.9572172164916992 0.11179196834564209 0.08511650562286377 0.12479978799819946
0 0.9091188907623291 0.04859281703829765 0.17020273208618164 0.0971856340765953
0 0.9276870489120483 0.764526903629303 0.10234332084655762 0.13522422313690186
0 0.7681535482406616 0.5304438471794128 0.19752025604248047 0.14702725410461426
0 0.7184818983078003 0.0430368147790432 0.16448664665222168 0.0860736295580864
0 0.02628214657306671 0.03761236369609833 0.05256429314613342 0.07522472739219666
0 0.40172553062438965 0.07509568333625793 0.15088176727294922 0.13747671246528625
0 0.36152297258377075 0.8106179237365723 0.20535016059875488 0.14089596271514893
0 0.4338085353374481 0.24758020043373108 0.15250414609909058 0.17598843574523926
