0 0.17006659507751465 0.6365410089492798 0.12927734851837158 0.12778055667877197
0 0.292121946811676 0.6585487127304077 0.12042580544948578 0.12468361854553223
0 0.8895779848098755 0.5165572166442871 0.11289596557617188 0.11935189366340637
0 0.8500915765762329 0.3293425440788269 0.10853075981140137 0.10967493057250977
0 0.7332823276519775 0.352522075176239 0.1114339828491211 0.11406779289245605
0 0.056516461074352264 0.6743304133415222 0.10720846056938171 0.12898516654968262
0 0.7743549346923828 0.5411362648010254 0.12218809127807617 0.12305858731269836
0 0.6923242211341858 0.45908716320991516 0.12350666522979736 0.11822706460952759
0 0.3705834150314331 0.8693335056304932 0.11237841844558716 0.11801958084106445
0 0.918330192565918 0.4100084900856018 0.1125490665435791 0.1133958101272583
0 0.13225416839122772 0.8600937128067017 0.12195146083831787 0.12143182754516602
0 0.20891454815864563 0.7566272616386414 0.12964028120040894 0.1334754228591919
0 0.3654597997665405 0.7501844167709351 0.12516915798187256 0.12368512153625488
0 0.25349050760269165 0.8712637424468994 0.12039901316165924 0.12407445907592773
0 0.04743899032473564 0.8020327687263489 0.09187740832567215 0.11644983291625977
0 0.8823606967926025 0.3311636447906494 0.18043696880340576 0.11103928089141846
