0 0.7878763675689697 0.9129725694656372 0.13590478897094727 0.12282800674438477
0 0.16805583238601685 0.7075351476669312 0.13565778732299805 0.12232828140258789
0 0.8584571480751038 0.8040836453437805 0.13725244998931885 0.1314864158630371
0 0.3530523478984833 0.8450212478637695 0.1357458233833313 0.13858890533447266
0 0.9296654462814331 0.2046356499195099 0.1323390007019043 0.14388662576675415
0 0.5664204359054565 0.8517606258392334 0.13307788968086243 0.12481236457824707
0 0.07744385302066803 0.6197634935379028 0.12817707657814026 0.1320427656173706
0 0.2526477873325348 0.9190659523010254 0.13335472345352173 0.12981367111206055
0 0.661731481552124 0.7768979072570801 0.13154840469360352 0.13032090663909912
0 0.5163248777389526 0.24701851606369019 0.12824103236198425 0.14205020666122437
