0 0.8297755718231201 0.6884851455688477 0.13076233863830566 0.1366252899169922
0 0.4495890736579895 0.6026017665863037 0.11488997936248779 0.11917126178741455
0 0.6993330717086792 0.45760977268218994 0.10907125473022461 0.12464380264282227
0 0.18584080040454865 0.4250505566596985 0.12802332639694214 0.12095975875854492
0 0.17696672677993774 0.30214470624923706 0.1033676266670227 0.09186947345733643
0 0.33418524265289307 0.5895507335662842 0.10516726970672607 0.11969280242919922
0 0.7038833498954773 0.6643655300140381 0.12201142311096191 0.11531424522399902
0 0.21183033287525177 0.5527335405349731 0.14332517981529236 0.12462365627288818
0 0.08377815783023834 0.5049775242805481 0.12425294518470764 0.13360512256622314
0 0.6520888209342957 0.5709933638572693 0.10579252243041992 0.08974266052246094
0 0.8303656578063965 0.4975046217441559 0.07532930374145508 0.0778093934059143
0 0.8809762001037598 0.5774497389793396 0.11974644660949707 0.1214284896850586
0 0.5556153059005737 0.5945929288864136 0.08009099960327148 0.05723214149475098
