0 0.5741325616836548 0.5051249265670776 0.11876320838928223 0.12616181373596191
0 0.6631280183792114 0.10362602770328522 0.09988808631896973 0.1443864107131958
0 0.7983748912811279 0.1360490620136261 0.08799755573272705 0.13313829898834229
0 0.23234178125858307 0.5879455208778381 0.11169859766960144 0.1517237424850464
0 0.44772040843963623 0.6526283621788025 0.09429001808166504 0.13105690479278564
0 0.21685588359832764 0.4183603525161743 0.08305293321609497 0.11897361278533936
0 0.7548519968986511 0.3971693515777588 0.08778321743011475 0.11104691028594971
0 0.38719475269317627 0.755854606628418 0.08221101760864258 0.12105023860931396
0 0.30993908643722534 0.46612778306007385 0.09530389308929443 0.15608960390090942
0 0.1440841257572174 0.488565057516098 0.09820479154586792 0.12212496995925903
0 0.7747324705123901 0.5186223387718201 0.09224748611450195 0.11202859878540039
0 0.7271930575370789 0.23070374131202698 0.08845531940460205 0.12583321332931519
0 0.3834953308105469 0.8586430549621582 0.08574545383453369 0.09918355941772461
0 0.15082529187202454 0.4854617714881897 0.07998985052108765 0.0969628095626831
0 0.6677958369255066 0.35877400636672974 0.07909584045410156 0.10594940185546875
0 0.34010690450668335 0.6577023267745972 0.09517931938171387 0.13325774669647217
0 0.8100565671920776 0.6513110399246216 0.08145618438720703 0.1118936538696289
0 0.47104454040527344 0.7946631908416748 0.07141327857971191 0.11827850341796875
