0 0.5086212754249573 0.6009554862976074 0.09534621238708496 0.08869004249572754
0 0.6667066812515259 0.919115424156189 0.10834085941314697 0.10150265693664551
0 0.613248884677887 0.4469485878944397 0.08273279666900635 0.07838034629821777
0 0.25230351090431213 0.8520289659500122 0.08337152004241943 0.07907581329345703
0 0.12622356414794922 0.26523229479789734 0.10585784912109375 0.10008794069290161
0 0.4310342073440552 0.47748667001724243 0.08289873600006104 0.07877326011657715
0 0.6391692161560059 0.12891247868537903 0.08276629447937012 0.0816769003868103
0 0.18252192437648773 0.6913185119628906 0.08607009053230286 0.0881507396697998
0 0.47634434700012207 0.1626071035861969 0.0697852373123169 0.069591224193573
0 0.34996092319488525 0.6707907319068909 0.07475835084915161 0.07262146472930908
0 0.7088284492492676 0.276498019695282 0.07775187492370605 0.07634752988815308
0 0.044139932841062546 0.8976157903671265 0.08012682944536209 0.07459390163421631
0 0.1615370661020279 0.0344386026263237 0.0763297975063324 0.0688772052526474
0 0.060092367231845856 0.3958037495613098 0.07164819538593292 0.06606614589691162
0 0.1348177045583725 0.5476164221763611 0.0685727596282959 0.06558191776275635
0 0.5048636198043823 0.297698974609375 0.05833694338798523 0.0566256046295166
0 0.9175395965576172 0.169094055891037 0.0661630630493164 0.06386679410934448
0 0.2944912314414978 0.13581636548042297 0.07554411888122559 0.06803523749113083
0 0.8229020833969116 0.5128501057624817 0.06689071655273438 0.06804275512695312
0 0.21430400013923645 0.40557026863098145 0.06630086898803711 0.06190943717956543
0 0.2770397961139679 0.5390534996986389 0.05782806873321533 0.04975402355194092
0 0.3126608729362488 0.30683091282844543 0.058408915996551514 0.058689117431640625
0 0.9206901788711548 0.676832914352417 0.05993056297302246 0.05534982681274414
0 0.4268978238105774 0.7780933380126953 0.05878782272338867 0.04982328414916992
0 0.35630229115486145 0.8951985836029053 0.04694938659667969 0.04602694511413574
0 0.30142852663993835 0.9893495440483093 0.21955901384353638 0.021300911903381348
0 0.05343304201960564 0.7320102453231812 0.053321488201618195 0.0456843376159668
0 0.5744643807411194 0.9854357838630676 0.071907639503479 0.029128432273864746
