0 0.13165444135665894 0.7960617542266846 0.26330888271331787 0.4015963077545166
0 0.13039469718933105 0.8755989074707031 0.2607893943786621 0.24849700927734375
0 0.03502422943711281 0.029741676524281502 0.07004845887422562 0.059483353048563004
0 0.47457706928253174 0.06579361855983734 0.1280839443206787 0.08263731002807617
0 0.5191972255706787 0.25237786769866943 0.4598429203033447 0.4438713788986206
0 0.5743017792701721 0.8035208582878113 0.14350664615631104 0.09125196933746338
0 0.5413472652435303 0.19996848702430725 0.29213035106658936 0.32476991415023804
0 0.0705839991569519 0.6614474058151245 0.1411679983139038 0.22594928741455078
0 0.5838286876678467 0.2283736765384674 0.29426097869873047 0.3609164357185364
0 0.04376290366053581 0.03498765081167221 0.08752580732107162 0.06798592209815979
