0 0.30073806643486023 0.6264387369155884 0.17855101823806763 0.16927289962768555
0 0.3014662563800812 0.663840651512146 0.18031048774719238 0.24352741241455078
0 0.1905650794506073 0.5528974533081055 0.15360432863235474 0.18246245384216309
0 0.7513303756713867 0.40719306468963623 0.16239166259765625 0.25796282291412354
0 0.5006995797157288 0.9400047063827515 0.18890893459320068 0.10523724555969238
0 0.8349184989929199 0.18419292569160461 0.18588757514953613 0.2557763457298279
0 0.06113598495721817 0.8222712278366089 0.11907981336116791 0.08113598823547363
0 0.5964905023574829 0.0576205737888813 0.18245792388916016 0.1152411475777626
0 0.9174909591674805 0.3987177908420563 0.16501808166503906 0.26082366704940796
0 0.9081573486328125 0.04398247227072716 0.1774357557296753 0.08796494454145432
0 0.1976788341999054 0.8378010988235474 0.152157723903656 0.10644912719726562
0 0.3563739061355591 0.48638999462127686 0.13446903228759766 0.16847562789916992
0 0.07991397380828857 0.7347107529640198 0.15945923328399658 0.2610679864883423
0 0.4177190661430359 0.31003278493881226 0.1352013349533081 0.21512597799301147
0 0.5322868227958679 0.9423695802688599 0.12354636192321777 0.09770750999450684
0 0.6740583181381226 0.5394703149795532 0.09445953369140625 0.1486072540283203
0 0.41640526056289673 0.2714853286743164 0.13330376148223877 0.20416593551635742
0 0.6955208778381348 0.5459305047988892 0.13870716094970703 0.1496458351612091
