0 0.24105675518512726 0.2623763680458069 0.14679202437400818 0.13218706846237183
0 0.41499847173690796 0.22706328332424164 0.15938329696655273 0.12713953852653503
0 0.9388318061828613 0.7786059379577637 0.12233638763427734 0.17495489120483398
0 0.04846741259098053 0.5280468463897705 0.09693482518196106 0.24031826853752136
0 0.23680926859378815 0.5494426488876343 0.09195247292518616 0.1633756160736084
0 0.9100154638290405 0.14601169526576996 0.1771848201751709 0.2403978407382965
0 0.6508930325508118 0.1206880584359169 0.24539411067962646 0.21717940270900726
0 0.7439216375350952 0.6961731910705566 0.09405267238616943 0.11333298683166504
0 0.184451624751091 0.0415143221616745 0.2655349671840668 0.083028644323349
0 0.7882053852081299 0.29709506034851074 0.240706205368042 0.21144676208496094
0 0.871465802192688 0.9137004017829895 0.23041629791259766 0.1661621332168579
0 0.589378297328949 0.907465398311615 0.24748051166534424 0.17936408519744873
0 0.09166528284549713 0.18390019237995148 0.18333056569099426 0.2627265155315399
0 0.09260369092226028 0.13309241831302643 0.18198315799236298 0.16298815608024597
0 0.9097992777824402 0.1038866937160492 0.17946147918701172 0.15271544456481934
0 0.09835211932659149 0.8988587856292725 0.19670423865318298 0.20228242874145508
0 0.8526756763458252 0.950624406337738 0.06729733943939209 0.07494962215423584
0 0.7547558546066284 0.6673449277877808 0.1445002555847168 0.17149567604064941
0 0.8862019777297974 0.955558180809021 0.14242267608642578 0.07934117317199707
0 0.14561697840690613 0.3850278854370117 0.1984577775001526 0.18838995695114136
0 0.6433097124099731 0.9048928022384644 0.17233991622924805 0.16923308372497559
0 0.17803475260734558 0.593837320804596 0.1956491470336914 0.25709617137908936
0 0.2396237999200821 0.5466398000717163 0.16790780425071716 0.16762518882751465
0 0.7939084768295288 0.7064684629440308 0.19371962547302246 0.24487757682800293
0 0.816928505897522 0.931977391242981 0.16076087951660156 0.1282787322998047
0 0.4258233308792114 0.3972279131412506 0.24137616157531738 0.21980208158493042
0 0.7365493774414062 0.7187409400939941 0.06330537796020508 0.06128334999084473
0 0.9019990563392639 0.9180326461791992 0.16710495948791504 0.15957164764404297
0 0.7757771611213684 0.6777666807174683 0.22464513778686523 0.19154763221740723
0 0.28934961557388306 0.5706935524940491 0.18725062906742096 0.2117462158203125
0 0.07735177129507065 0.9049997925758362 0.06700044870376587 0.0692436695098877
