0 0.2635307013988495 0.39327365159988403 0.18702644109725952 0.19784188270568848
0 0.8438993692398071 0.3708535134792328 0.15043354034423828 0.13473719358444214
0 0.725854754447937 0.3057675361633301 0.12539935111999512 0.12381148338317871
0 0.6960545778274536 0.7252628803253174 0.15137827396392822 0.15331220626831055
0 0.4369364380836487 0.3923998475074768 0.1562279462814331 0.1706467866897583
0 0.6067056655883789 0.845755934715271 0.15218138694763184 0.15324020385742188
0 0.7348634004592896 0.4725959599018097 0.15473592281341553 0.1485019326210022
0 0.44530805945396423 0.5731488466262817 0.18607085943222046 0.18823134899139404
0 0.43888869881629944 0.856054425239563 0.13139182329177856 0.13395190238952637
0 0.26913511753082275 0.5837468504905701 0.15800844132900238 0.1619633436203003
0 0.0982493907213211 0.4672936201095581 0.18079683184623718 0.16822028160095215
0 0.6201390027999878 0.5875983834266663 0.1671750545501709 0.18722176551818848
0 0.37072280049324036 0.7226735353469849 0.13884645700454712 0.15753889083862305
0 0.7908931374549866 0.6181148290634155 0.1570221185684204 0.1438509225845337
0 0.8984143733978271 0.5212367177009583 0.17072594165802002 0.16548991203308105
0 0.5169218182563782 0.7333805561065674 0.14957451820373535 0.16266465187072754
0 0.1009509414434433 0.6231400966644287 0.1475333869457245 0.13801729679107666
0 0.5617615580558777 0.3165200352668762 0.12308239936828613 0.10220694541931152
0 0.06484515219926834 0.7193576097488403 0.12969030439853668 0.13944780826568604
0 0.46203166246414185 0.9674621820449829 0.23750293254852295 0.06490731239318848
0 0.8127648830413818 0.9207803010940552 0.11268162727355957 0.05399966239929199
0 0.6012831926345825 0.37144935131073 0.18752145767211914 0.2042163610458374
