4 0.9080948829650879 0.8997669219970703 0.1019430160522461 0.10768294334411621
4 0.07060112059116364 0.590501070022583 0.1411273181438446 0.30510517954826355
4 0.030987391248345375 0.3681216835975647 0.061607737094163895 0.2314702272415161
4 0.49541711807250977 0.6347247362136841 0.09776103496551514 0.07529902458190918
4 0.8971840143203735 0.0718720480799675 0.20450377464294434 0.1429649442434311
4 0.06596677750349045 0.03522102162241936 0.1315106302499771 0.07044204324483871
4 0.6006470322608948 0.19823884963989258 0.10649073123931885 0.07133257389068604
4 0.35845333337783813 0.6222312450408936 0.1422138214111328 0.09932947158813477
4 0.15904182195663452 0.8094322681427002 0.12376013398170471 0.08442926406860352
4 0.29591989517211914 0.8381202220916748 0.10951751470565796 0.06400203704833984
4 0.20266211032867432 0.5726174116134644 0.10458165407180786 0.0763552188873291
4 0.9227199554443359 0.4989137351512909 0.04521775245666504 0.133495032787323
4 0.9784073233604431 0.3065835237503052 0.04318535327911377 0.2229396253824234
4 0.6932546496391296 0.9770653247833252 0.19344890117645264 0.045036911964416504
4 0.02793445996940136 0.39758846163749695 0.05586891993880272 0.2976178526878357
4 0.7584445476531982 0.8610563278198242 0.22249245643615723 0.27788734436035156
4 0.9670614004135132 0.656499445438385 0.06587719917297363 0.1004786491394043
4 0.5583404302597046 0.043026313185691833 0.0737156867980957 0.08605262637138367
4 0.46907860040664673 0.8965780735015869 0.13823974132537842 0.10502314567565918
4 0.07937473058700562 0.532960832118988 0.1583746373653412 0.17761290073394775
4 0.2641831040382385 0.4295477271080017 0.13548754155635834 0.18061041831970215
4 0.5474352836608887 0.39617449045181274 0.0969773530960083 0.06968104839324951
4 0.4108145833015442 0.3752818703651428 0.11540007591247559 0.0688939094543457
4 0.5385709404945374 0.7909390330314636 0.05625033378601074 0.11457526683807373
