4 0.25424203276634216 0.3958513140678406 0.12682873010635376 0.14161920547485352
4 0.8106805682182312 0.4830853343009949 0.14217698574066162 0.15158617496490479
4 0.41048407554626465 0.1644980013370514 0.13821709156036377 0.15395569801330566
4 0.2828083634376526 0.6273362636566162 0.14209967851638794 0.1515367031097412
4 0.6052995324134827 0.9535412788391113 0.1428605318069458 0.0925302505493164
4 0.7620311379432678 0.0821445882320404 0.12839221954345703 0.14400231838226318
4 0.6465005874633789 0.7109687328338623 0.1429424285888672 0.1575073003768921
4 0.5495015382766724 0.49313485622406006 0.14022043347358704 0.1585979461669922
4 0.28333353996276855 0.9349626302719116 0.13126444816589355 0.13007473945617676
4 0.663750946521759 0.1480681300163269 0.1540433168411255 0.167636901140213
4 0.11552277207374573 0.2313975840806961 0.10060766339302063 0.10419788956642151
4 0.9518312215805054 0.28457996249198914 0.09612703323364258 0.13746678829193115
4 0.954259991645813 0.25167182087898254 0.09084105491638184 0.21953076124191284
4 0.07490408420562744 0.14018505811691284 0.12217316031455994 0.12162251025438309
4 0.9750272631645203 0.7336165904998779 0.04994547367095947 0.1516118049621582
