4 0.21753846108913422 0.4441332221031189 0.07253339886665344 0.08180558681488037
4 0.8785842657089233 0.7868145704269409 0.11104369163513184 0.05950045585632324
4 0.8208091259002686 0.6116839647293091 0.06830549240112305 0.07986116409301758
4 0.7813702821731567 0.5033571124076843 0.08888626098632812 0.07557559013366699
4 0.5625197887420654 0.503645122051239 0.06115412712097168 0.055795907974243164
4 0.905212938785553 0.2628849148750305 0.06152915954589844 0.06487506628036499
4 0.23574264347553253 0.4429338574409485 0.10704317688941956 0.07549726963043213
4 0.5968595147132874 0.06429262459278107 0.12721967697143555 0.11566665768623352
4 0.6262019276618958 0.8290896415710449 0.05490696430206299 0.06347858905792236
4 0.20482009649276733 0.22516977787017822 0.09223395586013794 0.10052835941314697
4 0.645280122756958 0.26500052213668823 0.07439970970153809 0.07430364191532135
4 0.9660425782203674 0.04336445778608322 0.06714582443237305 0.08587712049484253
4 0.7360391616821289 0.9794869422912598 0.253192663192749 0.04005873203277588
4 0.18971426784992218 0.8853121995925903 0.0537126362323761 0.052266836166381836
4 0.819501519203186 0.3628835082054138 0.055463314056396484 0.06496286392211914
4 0.4482610821723938 0.44209009408950806 0.07198679447174072 0.0597459077835083
4 0.7337278127670288 0.2794204652309418 0.10638737678527832 0.09217292070388794
4 0.08089371025562286 0.8735477924346924 0.06942728161811829 0.06799554824829102
4 0.29609400033950806 0.2610187232494354 0.09775350987911224 0.0747290849685669
4 0.6776601076126099 0.6213251352310181 0.09201765060424805 0.07831048965454102
4 0.42625677585601807 0.2549806535243988 0.0624157190322876 0.06860989332199097
4 0.6613496541976929 0.6251163482666016 0.09880280494689941 0.07995307445526123
4 0.3133438229560852 0.25628095865249634 0.06424939632415771 0.06484319269657135
4 0.7373684644699097 0.10123586654663086 0.05906224250793457 0.06852692365646362
4 0.24121607840061188 0.6527667045593262 0.06721910834312439 0.06630706787109375
4 0.9341650009155273 0.6035128831863403 0.0695490837097168 0.07727456092834473
4 0.7464464902877808 0.28143298625946045 0.07917428016662598 0.08249117434024811
4 0.6756514310836792 0.6200463771820068 0.06623625755310059 0.07671523094177246
4 0.16679327189922333 0.23193936049938202 0.10420653223991394 0.10308602452278137
4 0.1418309509754181 0.40499284863471985 0.10017052292823792 0.09293824434280396
4 0.9478972554206848 0.6164686679840088 0.10420548915863037 0.09179258346557617
4 0.640682578086853 0.33254361152648926 0.10356307029724121 0.07682502269744873
4 0.9057458639144897 0.7892042994499207 0.16453242301940918 0.058533668518066406
4 0.19229313731193542 0.05638204514980316 0.06405273079872131 0.07820755243301392
4 0.27201908826828003 0.6658973693847656 0.10594619810581207 0.08248758316040039
4 0.038708388805389404 0.5746756792068481 0.06173589825630188 0.0917365550994873
4 0.18444421887397766 0.22874125838279724 0.12982332706451416 0.1051207184791565
4 0.710874080657959 0.1533101350069046 0.08768582344055176 0.0691387951374054
4 0.2504376471042633 0.4496408700942993 0.1337375044822693 0.08823001384735107
4 0.19128116965293884 0.7244448065757751 0.06353256106376648 0.05935966968536377
4 0.9786362648010254 0.9539644718170166 0.04272747039794922 0.07613766193389893
4 0.29072946310043335 0.6842139363288879 0.06674277782440186 0.07017886638641357
4 0.48458388447761536 0.16298162937164307 0.07783645391464233 0.049789607524871826
