4 0.7037942409515381 0.5879397988319397 0.18651628494262695 0.22985541820526123
4 0.8879580497741699 0.6228954792022705 0.17998552322387695 0.21664738655090332
4 0.8270188570022583 0.2737172245979309 0.2074897289276123 0.2303188443183899
4 0.5020565986633301 0.5596746206283569 0.21548867225646973 0.2541341781616211
4 0.9356026649475098 0.19110107421875 0.12829899787902832 0.27446770668029785
4 0.4424157738685608 0.18160372972488403 0.10164642333984375 0.1087079644203186
4 0.5275967121124268 0.19946880638599396 0.2556453049182892 0.2697202265262604
4 0.3192448019981384 0.5803550481796265 0.1874181181192398 0.26179906725883484
4 0.9348162412643433 0.21650110185146332 0.12799882888793945 0.16733625531196594
4 0.945713996887207 0.1629977524280548 0.10857200622558594 0.21807515621185303
4 0.15723884105682373 0.6402701735496521 0.20166587829589844 0.21849477291107178
4 0.5498708486557007 0.4875376522541046 0.10859200358390808 0.11627334356307983
4 0.5170279145240784 0.11495153605937958 0.14924931526184082 0.11910250782966614
