4 0.9701641798019409 0.33232858777046204 0.05794787406921387 0.3857727646827698
4 0.515285313129425 0.6324594020843506 0.12418258190155029 0.14513278007507324
4 0.602229118347168 0.20552673935890198 0.08465814590454102 0.06496268510818481
4 0.8975765109062195 0.6889704465866089 0.20240962505340576 0.21146893501281738
4 0.8435429334640503 0.41528427600860596 0.12316656112670898 0.14145708084106445
4 0.41124260425567627 0.8467609882354736 0.20889687538146973 0.1381216049194336
4 0.6135100722312927 0.3764311671257019 0.16703319549560547 0.1493772268295288
4 0.17514251172542572 0.8983946442604065 0.17134395241737366 0.203210711479187
4 0.5832209587097168 0.37859052419662476 0.10625982284545898 0.1396082639694214
4 0.7242542505264282 0.3138100504875183 0.10401391983032227 0.11623406410217285
4 0.3587513566017151 0.7038285732269287 0.05910778045654297 0.10278499126434326
4 0.7647646069526672 0.6060545444488525 0.09554004669189453 0.08266758918762207
4 0.6494786143302917 0.8690640926361084 0.1901017427444458 0.11654353141784668
4 0.046981073915958405 0.8409348726272583 0.09396214783191681 0.3181302547454834
4 0.08893584460020065 0.5652697682380676 0.1778716892004013 0.2387598752975464
4 0.9029383063316345 0.752662181854248 0.19403231143951416 0.3597598075866699
4 0.041078146547079086 0.7859243750572205 0.08215629309415817 0.3763819932937622
